//Imprimir Matrizes Autovalores. Autovalores/Autovetores. Mat Theta. Mat GG. Fluxo Escalar. Figura Gnuplot (1-Sim. 0-Nao)
0 1 0 0 0 0
//Tipo de problema (1-Físico e 2-Adjunto)
1
//Método(1-DD; 2-MR;  3-SGF; 4-SDM; 5-SDM_mod) / Programacao (1-Serial e 2-Paralelo) 
2 1
//Ordem da Quadratura GL
10
//CP e-?. Maximo Numero de Iteracoes
6 2000
//Grupos de Energia (G)
42
//Grau da Anisotropia do Espalhamento (L)
1
//NR e NZ
4 1
//Dados por Regiao
//Comprimento
25 25 25 25
//Nodos por Regiao
100 100 100 100
//Periodicidade  //Nodos por cm para a reconstrução
10
//Mapeamento
1 1 1 1 
//Dados por Zona
///Zona 1
//Sigma Total g (g=1..42)
4.9940e-01 4.9960e-01 5.0000e-01 5.0070e-01 5.0130e-01 5.0170e-01 5.0200e-01 5.0210e-01 5.0220e-01 5.0230e-01 5.0240e-01 5.0240e-01 5.0260e-01 5.0270e-01 5.0280e-01 5.0310e-01 5.0350e-01 5.0440e-01 5.0590e-01 5.0780e-01 5.0950e-01 5.1070e-01 5.1170e-01 5.1260e-01 5.1390e-01 5.1610e-01 5.1920e-01 5.2430e-01 5.3310e-01 5.4400e-01 5.5350e-01 5.6250e-01 5.7230e-01 5.8410e-01 5.9970e-01 6.1670e-01 6.3630e-01 6.6250e-01 7.0160e-01 7.6620e-01 8.9590e-01 1.3090e+00 
///Sigma Espalhamento 0 g'g (g linha; g' coluna)
1.2880e-01 1.1010e-03 0.0000e+00 0.0000e+00 0.0000e+00 0.0000e+00 0.0000e+00 0.0000e+00 0.0000e+00 0.0000e+00 0.0000e+00 0.0000e+00 0.0000e+00 0.0000e+00 0.0000e+00 0.0000e+00 0.0000e+00 0.0000e+00 0.0000e+00 0.0000e+00 0.0000e+00 0.0000e+00 0.0000e+00 0.0000e+00 0.0000e+00 0.0000e+00 0.0000e+00 0.0000e+00 0.0000e+00 0.0000e+00 0.0000e+00 0.0000e+00 0.0000e+00 0.0000e+00 0.0000e+00 0.0000e+00 0.0000e+00 0.0000e+00 0.0000e+00 0.0000e+00 0.0000e+00 0.0000e+00 
1.6450e-01 1.5140e-01 1.3100e-03 0.0000e+00 0.0000e+00 0.0000e+00 0.0000e+00 0.0000e+00 0.0000e+00 0.0000e+00 0.0000e+00 0.0000e+00 0.0000e+00 0.0000e+00 0.0000e+00 0.0000e+00 0.0000e+00 0.0000e+00 0.0000e+00 0.0000e+00 0.0000e+00 0.0000e+00 0.0000e+00 0.0000e+00 0.0000e+00 0.0000e+00 0.0000e+00 0.0000e+00 0.0000e+00 0.0000e+00 0.0000e+00 0.0000e+00 0.0000e+00 0.0000e+00 0.0000e+00 0.0000e+00 0.0000e+00 0.0000e+00 0.0000e+00 0.0000e+00 0.0000e+00 0.0000e+00 
4.2960e-02 1.3900e-01 1.4020e-01 1.0510e-03 0.0000e+00 0.0000e+00 0.0000e+00 0.0000e+00 0.0000e+00 0.0000e+00 0.0000e+00 0.0000e+00 0.0000e+00 0.0000e+00 0.0000e+00 0.0000e+00 0.0000e+00 0.0000e+00 0.0000e+00 0.0000e+00 0.0000e+00 0.0000e+00 0.0000e+00 0.0000e+00 0.0000e+00 0.0000e+00 0.0000e+00 0.0000e+00 0.0000e+00 0.0000e+00 0.0000e+00 0.0000e+00 0.0000e+00 0.0000e+00 0.0000e+00 0.0000e+00 0.0000e+00 0.0000e+00 0.0000e+00 0.0000e+00 0.0000e+00 0.0000e+00 
4.6510e-02 6.4230e-02 1.7500e-01 1.8950e-01 3.5540e-03 1.9700e-06 0.0000e+00 0.0000e+00 0.0000e+00 0.0000e+00 0.0000e+00 0.0000e+00 0.0000e+00 0.0000e+00 0.0000e+00 0.0000e+00 0.0000e+00 0.0000e+00 0.0000e+00 0.0000e+00 0.0000e+00 0.0000e+00 0.0000e+00 0.0000e+00 0.0000e+00 0.0000e+00 0.0000e+00 0.0000e+00 0.0000e+00 0.0000e+00 0.0000e+00 0.0000e+00 0.0000e+00 0.0000e+00 0.0000e+00 0.0000e+00 0.0000e+00 0.0000e+00 0.0000e+00 0.0000e+00 0.0000e+00 0.0000e+00 
1.5510e-02 1.9260e-02 2.4780e-02 8.5650e-02 1.0770e-01 5.2750e-03 4.5040e-05 1.5280e-05 6.0150e-06 2.5390e-06 1.1190e-06 3.2860e-07 4.7350e-08 0.0000e+00 0.0000e+00 0.0000e+00 0.0000e+00 0.0000e+00 0.0000e+00 0.0000e+00 0.0000e+00 0.0000e+00 0.0000e+00 0.0000e+00 0.0000e+00 0.0000e+00 0.0000e+00 0.0000e+00 0.0000e+00 0.0000e+00 0.0000e+00 0.0000e+00 0.0000e+00 0.0000e+00 0.0000e+00 0.0000e+00 0.0000e+00 0.0000e+00 0.0000e+00 0.0000e+00 0.0000e+00 0.0000e+00 
1.1630e-02 1.4450e-02 1.8340e-02 3.7270e-02 1.1410e-01 9.6840e-02 2.0120e-02 6.8580e-03 2.4980e-03 8.7400e-04 3.0570e-04 1.0490e-04 4.1310e-05 1.5740e-05 6.0540e-06 1.1430e-06 3.1420e-08 0.0000e+00 0.0000e+00 0.0000e+00 0.0000e+00 0.0000e+00 0.0000e+00 0.0000e+00 0.0000e+00 0.0000e+00 0.0000e+00 0.0000e+00 0.0000e+00 0.0000e+00 0.0000e+00 0.0000e+00 0.0000e+00 0.0000e+00 0.0000e+00 0.0000e+00 0.0000e+00 0.0000e+00 0.0000e+00 0.0000e+00 0.0000e+00 0.0000e+00 
2.0940e-03 2.6010e-03 3.3130e-03 5.1990e-03 1.5520e-02 2.6940e-02 2.4250e-02 1.3480e-02 4.9840e-03 1.7750e-03 6.3050e-04 2.1890e-04 8.5320e-05 3.1040e-05 1.0720e-05 1.6380e-06 2.0620e-07 0.0000e+00 0.0000e+00 0.0000e+00 0.0000e+00 0.0000e+00 0.0000e+00 0.0000e+00 0.0000e+00 0.0000e+00 0.0000e+00 0.0000e+00 0.0000e+00 0.0000e+00 0.0000e+00 0.0000e+00 0.0000e+00 0.0000e+00 0.0000e+00 0.0000e+00 0.0000e+00 0.0000e+00 0.0000e+00 0.0000e+00 0.0000e+00 0.0000e+00 
2.0160e-03 2.5040e-03 3.1930e-03 4.7540e-03 1.3380e-02 2.4720e-02 2.9690e-02 2.4510e-02 1.3810e-02 4.9770e-03 1.7900e-03 6.2940e-04 2.4830e-04 9.1450e-05 3.1420e-05 4.2680e-06 5.1760e-07 1.8050e-10 0.0000e+00 0.0000e+00 0.0000e+00 0.0000e+00 0.0000e+00 0.0000e+00 0.0000e+00 0.0000e+00 0.0000e+00 0.0000e+00 0.0000e+00 0.0000e+00 0.0000e+00 0.0000e+00 0.0000e+00 0.0000e+00 0.0000e+00 0.0000e+00 0.0000e+00 0.0000e+00 0.0000e+00 0.0000e+00 0.0000e+00 0.0000e+00 
2.0160e-03 2.5040e-03 3.1940e-03 4.5640e-03 1.1940e-02 2.3240e-02 2.9160e-02 3.0330e-02 2.4460e-02 1.4100e-02 5.1310e-03 1.8270e-03 7.2910e-04 2.7210e-04 9.4450e-05 1.2090e-05 1.1570e-06 2.9250e-08 0.0000e+00 0.0000e+00 0.0000e+00 0.0000e+00 0.0000e+00 0.0000e+00 0.0000e+00 0.0000e+00 0.0000e+00 0.0000e+00 0.0000e+00 0.0000e+00 0.0000e+00 0.0000e+00 0.0000e+00 0.0000e+00 0.0000e+00 0.0000e+00 0.0000e+00 0.0000e+00 0.0000e+00 0.0000e+00 0.0000e+00 0.0000e+00 
2.0160e-03 2.5040e-03 3.1940e-03 4.4300e-03 1.0570e-02 2.1480e-02 2.8120e-02 2.9770e-02 3.0990e-02 2.5030e-02 1.4580e-02 5.2540e-03 2.1160e-03 8.0250e-04 2.8120e-04 3.6780e-05 2.8390e-06 1.1670e-07 0.0000e+00 0.0000e+00 0.0000e+00 0.0000e+00 0.0000e+00 0.0000e+00 0.0000e+00 0.0000e+00 0.0000e+00 0.0000e+00 0.0000e+00 0.0000e+00 0.0000e+00 0.0000e+00 0.0000e+00 0.0000e+00 0.0000e+00 0.0000e+00 0.0000e+00 0.0000e+00 0.0000e+00 0.0000e+00 0.0000e+00 0.0000e+00 
1.9390e-03 2.4080e-03 3.0710e-03 4.1700e-03 9.0330e-03 1.8890e-02 2.5600e-02 2.7550e-02 2.9180e-02 3.0460e-02 2.4760e-02 1.4090e-02 5.7210e-03 2.1880e-03 7.7680e-04 1.0410e-04 7.3640e-06 2.6940e-07 0.0000e+00 0.0000e+00 0.0000e+00 0.0000e+00 0.0000e+00 0.0000e+00 0.0000e+00 0.0000e+00 0.0000e+00 0.0000e+00 0.0000e+00 0.0000e+00 0.0000e+00 0.0000e+00 0.0000e+00 0.0000e+00 0.0000e+00 0.0000e+00 0.0000e+00 0.0000e+00 0.0000e+00 0.0000e+00 0.0000e+00 0.0000e+00 
1.8610e-03 2.3120e-03 2.9490e-03 3.9500e-03 7.7450e-03 1.6410e-02 2.2950e-02 2.5040e-02 2.6970e-02 2.8620e-02 2.9900e-02 2.5670e-02 1.4690e-02 5.6860e-03 2.0340e-03 2.8030e-04 2.0030e-05 5.7910e-07 0.0000e+00 0.0000e+00 0.0000e+00 0.0000e+00 0.0000e+00 0.0000e+00 0.0000e+00 0.0000e+00 0.0000e+00 0.0000e+00 0.0000e+00 0.0000e+00 0.0000e+00 0.0000e+00 0.0000e+00 0.0000e+00 0.0000e+00 0.0000e+00 0.0000e+00 0.0000e+00 0.0000e+00 0.0000e+00 0.0000e+00 0.0000e+00 
1.8610e-03 2.3120e-03 2.9490e-03 3.9160e-03 6.9920e-03 1.4750e-02 2.1110e-02 2.3380e-02 2.5520e-02 2.7540e-02 2.9250e-02 3.0560e-02 2.5010e-02 1.4990e-02 5.4190e-03 7.6340e-04 5.6050e-05 1.3740e-06 0.0000e+00 0.0000e+00 0.0000e+00 0.0000e+00 0.0000e+00 0.0000e+00 0.0000e+00 0.0000e+00 0.0000e+00 0.0000e+00 0.0000e+00 0.0000e+00 0.0000e+00 0.0000e+00 0.0000e+00 0.0000e+00 0.0000e+00 0.0000e+00 0.0000e+00 0.0000e+00 0.0000e+00 0.0000e+00 0.0000e+00 0.0000e+00 
1.7060e-03 2.1190e-03 2.7030e-03 3.5730e-03 5.8590e-03 1.2130e-02 1.7700e-02 1.9730e-02 2.1850e-02 2.3910e-02 2.5810e-02 2.7410e-02 2.8630e-02 2.4450e-02 1.2500e-02 1.8000e-03 1.3630e-04 3.1470e-06 0.0000e+00 0.0000e+00 0.0000e+00 0.0000e+00 0.0000e+00 0.0000e+00 0.0000e+00 0.0000e+00 0.0000e+00 0.0000e+00 0.0000e+00 0.0000e+00 0.0000e+00 0.0000e+00 0.0000e+00 0.0000e+00 0.0000e+00 0.0000e+00 0.0000e+00 0.0000e+00 0.0000e+00 0.0000e+00 0.0000e+00 0.0000e+00 
3.1020e-03 3.8530e-03 4.9140e-03 6.4770e-03 9.6580e-03 1.8850e-02 2.8020e-02 3.1660e-02 3.5430e-02 3.9390e-02 4.3320e-02 4.6950e-02 5.0140e-02 5.2710e-02 4.0150e-02 1.2530e-02 9.9310e-04 2.2990e-05 4.3570e-08 0.0000e+00 0.0000e+00 0.0000e+00 0.0000e+00 0.0000e+00 0.0000e+00 0.0000e+00 0.0000e+00 0.0000e+00 0.0000e+00 0.0000e+00 0.0000e+00 0.0000e+00 0.0000e+00 0.0000e+00 0.0000e+00 0.0000e+00 0.0000e+00 0.0000e+00 0.0000e+00 0.0000e+00 0.0000e+00 0.0000e+00 
4.6540e-03 5.7790e-03 7.3710e-03 9.7080e-03 1.3080e-02 2.1990e-02 3.2490e-02 3.7140e-02 4.2370e-02 4.8080e-02 5.4050e-02 6.0030e-02 6.6140e-02 7.1900e-02 7.8710e-02 6.2520e-02 1.3470e-02 3.3840e-04 8.1300e-07 0.0000e+00 0.0000e+00 0.0000e+00 0.0000e+00 0.0000e+00 0.0000e+00 0.0000e+00 0.0000e+00 0.0000e+00 0.0000e+00 0.0000e+00 0.0000e+00 0.0000e+00 0.0000e+00 0.0000e+00 0.0000e+00 0.0000e+00 0.0000e+00 0.0000e+00 0.0000e+00 0.0000e+00 0.0000e+00 0.0000e+00 
5.4310e-03 6.7430e-03 8.6000e-03 1.1340e-02 1.4440e-02 1.9660e-02 2.6690e-02 3.0350e-02 3.4710e-02 3.9810e-02 4.5610e-02 5.1880e-02 5.8780e-02 6.5790e-02 7.6040e-02 9.2220e-02 7.5790e-02 6.5860e-03 1.1010e-05 8.1790e-08 0.0000e+00 0.0000e+00 0.0000e+00 0.0000e+00 0.0000e+00 0.0000e+00 0.0000e+00 0.0000e+00 0.0000e+00 0.0000e+00 0.0000e+00 0.0000e+00 0.0000e+00 0.0000e+00 0.0000e+00 0.0000e+00 0.0000e+00 0.0000e+00 0.0000e+00 0.0000e+00 0.0000e+00 0.0000e+00 
1.2030e-02 1.4940e-02 1.9040e-02 2.5110e-02 3.1680e-02 3.6830e-02 4.1700e-02 4.4270e-02 4.7640e-02 5.1930e-02 5.7290e-02 6.3630e-02 7.1450e-02 8.0230e-02 9.5610e-02 1.2630e-01 1.7700e-01 1.5210e-01 9.5950e-03 5.1880e-05 2.2260e-06 3.3350e-07 1.4900e-08 0.0000e+00 0.0000e+00 0.0000e+00 0.0000e+00 0.0000e+00 0.0000e+00 0.0000e+00 0.0000e+00 0.0000e+00 0.0000e+00 0.0000e+00 0.0000e+00 0.0000e+00 0.0000e+00 0.0000e+00 0.0000e+00 0.0000e+00 0.0000e+00 0.0000e+00 
9.7050e-03 1.2050e-02 1.5360e-02 2.0250e-02 2.5560e-02 2.9140e-02 3.1300e-02 3.2040e-02 3.2830e-02 3.3680e-02 3.4630e-02 3.5670e-02 3.6930e-02 3.8360e-02 4.1030e-02 4.7550e-02 6.3910e-02 1.3290e-01 1.5420e-01 1.3350e-02 2.9990e-04 4.6840e-05 1.6580e-05 7.8570e-06 3.2570e-06 1.0160e-06 1.4910e-07 0.0000e+00 0.0000e+00 0.0000e+00 0.0000e+00 1.7520e-08 5.9970e-08 3.9540e-08 2.2050e-08 1.0560e-08 7.0930e-09 3.9210e-09 5.9260e-10 0.0000e+00 0.0000e+00 0.0000e+00 
7.7640e-03 9.6450e-03 1.2280e-02 1.6200e-02 2.0450e-02 2.3320e-02 2.5060e-02 2.5650e-02 2.6260e-02 2.6890e-02 2.7540e-02 2.8190e-02 2.8880e-02 2.9570e-02 3.0670e-02 3.2690e-02 3.5810e-02 5.2630e-02 1.2950e-01 1.5500e-01 2.8130e-02 4.2570e-03 1.3020e-03 5.2060e-04 1.8190e-04 5.4990e-05 1.5830e-05 3.9170e-06 8.3340e-07 7.3550e-08 8.9010e-07 1.6460e-06 9.8100e-07 9.9870e-07 1.0430e-06 1.0830e-06 9.3380e-07 8.4690e-07 9.2530e-07 8.9670e-07 2.2430e-07 2.4210e-07 
3.8790e-03 4.8200e-03 6.1320e-03 8.0980e-03 1.0220e-02 1.1660e-02 1.2530e-02 1.2830e-02 1.3130e-02 1.3450e-02 1.3780e-02 1.4110e-02 1.4450e-02 1.4800e-02 1.5300e-02 1.6200e-02 1.7500e-02 2.1080e-02 3.6680e-02 8.8630e-02 1.0840e-01 3.8240e-02 1.2210e-02 4.8580e-03 1.5950e-03 4.1660e-04 1.0350e-04 2.4530e-05 6.7060e-06 2.8390e-06 4.4350e-06 4.1620e-06 1.4030e-06 1.2150e-06 1.1660e-06 1.2140e-06 1.0810e-06 9.9750e-07 1.1290e-06 1.3000e-06 1.3080e-06 1.5010e-06 
2.3270e-03 2.8880e-03 3.6770e-03 4.8600e-03 6.1330e-03 7.0000e-03 7.5210e-03 7.6990e-03 7.8810e-03 8.0730e-03 8.2700e-03 8.4660e-03 8.6710e-03 8.8740e-03 9.1730e-03 9.7020e-03 1.0470e-02 1.2360e-02 1.7510e-02 3.7930e-02 7.2880e-02 7.8000e-02 4.0200e-02 1.6540e-02 5.5080e-03 1.3780e-03 3.0610e-04 6.5500e-05 1.7270e-05 6.9710e-06 8.7830e-06 7.4740e-06 2.9360e-06 2.5090e-06 2.1940e-06 1.8700e-06 1.8220e-06 1.8660e-06 1.6730e-06 1.6280e-06 1.8740e-06 2.7490e-06 
1.5510e-03 1.9240e-03 2.4500e-03 3.2410e-03 4.0880e-03 4.6660e-03 5.0150e-03 5.1330e-03 5.2540e-03 5.3820e-03 5.5130e-03 5.6440e-03 5.7790e-03 5.9140e-03 6.1120e-03 6.4630e-03 6.9760e-03 8.1870e-03 1.0790e-02 2.0230e-02 3.9410e-02 5.7490e-02 5.7910e-02 3.3340e-02 1.1430e-02 2.8820e-03 6.0450e-04 1.1770e-04 2.9920e-05 1.1800e-05 1.2970e-05 1.0320e-05 4.6560e-06 3.8410e-06 3.3210e-06 3.0300e-06 2.8220e-06 2.6810e-06 2.6520e-06 2.7610e-06 3.0940e-06 4.4430e-06 
1.5510e-03 1.9240e-03 2.4510e-03 3.2410e-03 4.0880e-03 4.6650e-03 5.0140e-03 5.1330e-03 5.2550e-03 5.3820e-03 5.5130e-03 5.6430e-03 5.7780e-03 5.9110e-03 6.1100e-03 6.4590e-03 6.9720e-03 8.1640e-03 1.0450e-02 1.7220e-02 3.2510e-02 4.8850e-02 6.2430e-02 6.1800e-02 2.8990e-02 7.5220e-03 1.5450e-03 2.7480e-04 6.6110e-05 2.5640e-05 2.5150e-05 1.9310e-05 1.0070e-05 8.3680e-06 7.2560e-06 6.5700e-06 6.1420e-06 5.8460e-06 5.7390e-06 5.9160e-06 6.6780e-06 9.7190e-06 
2.3270e-03 2.8870e-03 3.6780e-03 4.8650e-03 6.1320e-03 6.9930e-03 7.5160e-03 7.6960e-03 7.8800e-03 8.0720e-03 8.2690e-03 8.4640e-03 8.6640e-03 8.8630e-03 9.1600e-03 9.6820e-03 1.0450e-02 1.2220e-02 1.5380e-02 2.2220e-02 3.8020e-02 5.7350e-02 7.5410e-02 9.3460e-02 9.3290e-02 3.8720e-02 8.1020e-03 1.3050e-03 2.7940e-04 1.0520e-04 8.9850e-05 6.7270e-05 4.1250e-05 3.4470e-05 2.9910e-05 2.7090e-05 2.5330e-05 2.4110e-05 2.3680e-05 2.4400e-05 2.7550e-05 4.0070e-05 
2.3280e-03 2.8890e-03 3.6810e-03 4.8680e-03 6.1340e-03 6.9890e-03 7.5100e-03 7.6910e-03 7.8760e-03 8.0690e-03 8.2680e-03 8.4640e-03 8.6650e-03 8.8630e-03 9.1580e-03 9.6770e-03 1.0450e-02 1.2210e-02 1.5270e-02 2.0040e-02 2.9130e-02 4.1700e-02 5.4890e-02 6.9430e-02 9.4140e-02 1.0130e-01 3.4620e-02 5.3810e-03 9.7770e-04 3.4200e-04 2.5400e-04 1.8810e-04 1.3310e-04 1.1170e-04 9.6910e-05 8.7830e-05 8.2150e-05 7.8140e-05 7.6770e-05 7.9090e-05 8.9320e-05 1.2980e-04 
3.1040e-03 3.8530e-03 4.9110e-03 6.4890e-03 8.1830e-03 9.3200e-03 1.0010e-02 1.0250e-02 1.0490e-02 1.0750e-02 1.1020e-02 1.1280e-02 1.1560e-02 1.1830e-02 1.2230e-02 1.2920e-02 1.3930e-02 1.6280e-02 2.0320e-02 2.5630e-02 3.2530e-02 4.0970e-02 5.0570e-02 6.2420e-02 8.5090e-02 1.2640e-01 1.4120e-01 4.3010e-02 6.7680e-03 1.9690e-03 1.2500e-03 9.2820e-04 7.3110e-04 6.1340e-04 5.3230e-04 4.8250e-04 4.5150e-04 4.2920e-04 4.2170e-04 4.3430e-04 4.9040e-04 7.1280e-04 
3.1050e-03 3.8470e-03 4.9050e-03 6.4810e-03 8.1780e-03 9.3200e-03 1.0010e-02 1.0240e-02 1.0490e-02 1.0740e-02 1.1010e-02 1.1270e-02 1.1550e-02 1.1830e-02 1.2230e-02 1.2920e-02 1.3950e-02 1.6280e-02 2.0310e-02 2.5360e-02 3.0470e-02 3.4870e-02 3.9130e-02 4.4210e-02 5.4620e-02 7.6960e-02 1.2860e-01 1.6290e-01 4.9190e-02 1.1490e-02 6.1690e-03 4.4220e-03 3.5670e-03 2.9610e-03 2.5560e-03 2.3150e-03 2.1670e-03 2.0630e-03 2.0250e-03 2.0850e-03 2.3520e-03 3.4210e-03 
3.0940e-03 3.8360e-03 4.8850e-03 6.4570e-03 8.1480e-03 9.2940e-03 9.9850e-03 1.0220e-02 1.0460e-02 1.0720e-02 1.0980e-02 1.1240e-02 1.1510e-02 1.1780e-02 1.2180e-02 1.2880e-02 1.3900e-02 1.6220e-02 2.0250e-02 2.5270e-02 3.0120e-02 3.3700e-02 3.6520e-02 3.9330e-02 4.4090e-02 5.3060e-02 7.5920e-02 1.4090e-01 1.9510e-01 8.6670e-02 4.0890e-02 2.5960e-02 1.9200e-02 1.5140e-02 1.2650e-02 1.1270e-02 1.0470e-02 9.9380e-03 9.7450e-03 1.0020e-02 1.1290e-02 1.6420e-02 
1.5320e-03 1.9060e-03 2.4270e-03 3.2040e-03 4.0350e-03 4.6110e-03 4.9590e-03 5.0770e-03 5.1980e-03 5.3250e-03 5.4560e-03 5.5850e-03 5.7120e-03 5.8380e-03 6.0290e-03 6.3670e-03 6.8720e-03 8.0290e-03 1.0030e-02 1.2550e-02 1.4940e-02 1.6690e-02 1.8010e-02 1.9260e-02 2.1170e-02 2.4130e-02 2.9670e-02 4.4790e-02 9.3130e-02 1.3910e-01 8.7790e-02 5.2620e-02 3.6180e-02 2.6480e-02 2.0770e-02 1.7810e-02 1.6190e-02 1.5180e-02 1.4780e-02 1.5110e-02 1.6990e-02 2.4700e-02 
9.7330e-04 1.2250e-03 1.5610e-03 2.0660e-03 2.5930e-03 2.9560e-03 3.1820e-03 3.2620e-03 3.3440e-03 3.4300e-03 3.5180e-03 3.6040e-03 3.6890e-03 3.7720e-03 3.8940e-03 4.1070e-03 4.4220e-03 5.1460e-03 6.4440e-03 8.0650e-03 9.5800e-03 1.0680e-02 1.1550e-02 1.2390e-02 1.3610e-02 1.5380e-02 1.8410e-02 2.4750e-02 4.4650e-02 8.6790e-02 1.1080e-01 8.2480e-02 5.5640e-02 3.9090e-02 2.9080e-02 2.3840e-02 2.0950e-02 1.9200e-02 1.8410e-02 1.8600e-02 2.0820e-02 3.0210e-02 
6.6180e-04 8.2820e-04 1.0690e-03 1.4120e-03 1.7810e-03 2.0220e-03 2.1710e-03 2.2230e-03 2.2770e-03 2.3340e-03 2.3930e-03 2.4520e-03 2.5130e-03 2.5740e-03 2.6640e-03 2.8200e-03 3.0400e-03 3.5250e-03 4.3880e-03 5.5220e-03 6.5570e-03 7.2900e-03 7.8620e-03 8.4160e-03 9.2770e-03 1.0520e-02 1.2450e-02 1.6030e-02 2.5920e-02 4.7150e-02 7.3710e-02 8.9220e-02 7.1220e-02 4.9300e-02 3.5610e-02 2.8280e-02 2.4070e-02 2.1370e-02 2.0050e-02 2.0020e-02 2.2160e-02 3.2070e-02 
5.8000e-04 7.1890e-04 9.2890e-04 1.2370e-03 1.5630e-03 1.7800e-03 1.9070e-03 1.9510e-03 1.9970e-03 2.0450e-03 2.0950e-03 2.1450e-03 2.1970e-03 2.2480e-03 2.3240e-03 2.4580e-03 2.6610e-03 3.1040e-03 3.8410e-03 4.8240e-03 5.7740e-03 6.4090e-03 6.8930e-03 7.3590e-03 8.0790e-03 9.1670e-03 1.0890e-02 1.3740e-02 2.0620e-02 3.4860e-02 5.3280e-02 7.5390e-02 8.8790e-02 7.1670e-02 5.1110e-02 3.9660e-02 3.3020e-02 2.8430e-02 2.5870e-02 2.5370e-02 2.7710e-02 3.9840e-02 
5.7220e-04 7.0260e-04 8.9730e-04 1.2110e-03 1.5280e-03 1.7450e-03 1.8790e-03 1.9240e-03 1.9700e-03 2.0180e-03 2.0650e-03 2.1130e-03 2.1620e-03 2.2110e-03 2.2820e-03 2.4070e-03 2.5950e-03 3.0420e-03 3.7840e-03 4.7040e-03 5.6500e-03 6.3260e-03 6.8030e-03 7.2440e-03 7.9200e-03 8.9360e-03 1.0600e-02 1.3400e-02 1.8950e-02 2.9830e-02 4.3630e-02 6.0830e-02 8.2440e-02 9.8780e-02 8.2310e-02 6.3030e-02 5.1630e-02 4.3240e-02 3.7980e-02 3.6060e-02 3.8620e-02 5.4750e-02 
4.9300e-04 6.0140e-04 7.5860e-04 1.0190e-03 1.3060e-03 1.4810e-03 1.5900e-03 1.6290e-03 1.6700e-03 1.7120e-03 1.7560e-03 1.8010e-03 1.8470e-03 1.8920e-03 1.9560e-03 2.0640e-03 2.2160e-03 2.5760e-03 3.2320e-03 4.0160e-03 4.7760e-03 5.3460e-03 5.7920e-03 6.2080e-03 6.7970e-03 7.6290e-03 8.9670e-03 1.1380e-02 1.5620e-02 2.2840e-02 3.1950e-02 4.3170e-02 5.7800e-02 7.9590e-02 9.7580e-02 8.6260e-02 6.9860e-02 5.7510e-02 4.9320e-02 4.5030e-02 4.6850e-02 6.4810e-02 
3.4040e-04 4.2150e-04 5.2670e-04 6.9550e-04 8.9590e-04 1.0290e-03 1.1030e-03 1.1280e-03 1.1540e-03 1.1820e-03 1.2100e-03 1.2390e-03 1.2700e-03 1.3010e-03 1.3460e-03 1.4260e-03 1.5420e-03 1.7900e-03 2.2240e-03 2.7970e-03 3.3140e-03 3.6840e-03 3.9730e-03 4.2570e-03 4.6980e-03 5.3280e-03 6.2260e-03 7.8110e-03 1.0720e-02 1.4890e-02 1.9900e-02 2.6150e-02 3.4210e-02 4.6520e-02 6.5300e-02 7.9730e-02 7.2700e-02 5.9190e-02 4.9240e-02 4.3940e-02 4.3990e-02 5.9660e-02 
3.2520e-04 4.0810e-04 5.1400e-04 6.6820e-04 8.4810e-04 9.7840e-04 1.0600e-03 1.0870e-03 1.1150e-03 1.1430e-03 1.1710e-03 1.1990e-03 1.2270e-03 1.2560e-03 1.2970e-03 1.3700e-03 1.4780e-03 1.7310e-03 2.1460e-03 2.6830e-03 3.2210e-03 3.5720e-03 3.8350e-03 4.0920e-03 4.4900e-03 5.1030e-03 6.0510e-03 7.5230e-03 1.0250e-02 1.3990e-02 1.7930e-02 2.2860e-02 2.9310e-02 3.9010e-02 5.4140e-02 7.3540e-02 8.8490e-02 8.1350e-02 6.7480e-02 5.8280e-02 5.6850e-02 7.4650e-02 
3.0990e-04 3.8410e-04 4.9380e-04 6.4090e-04 7.9990e-04 9.1340e-04 9.8510e-04 1.0110e-03 1.0370e-03 1.0650e-03 1.0940e-03 1.1230e-03 1.1540e-03 1.1850e-03 1.2290e-03 1.3040e-03 1.4080e-03 1.6380e-03 2.0510e-03 2.5450e-03 3.0380e-03 3.4060e-03 3.6770e-03 3.9230e-03 4.2800e-03 4.8180e-03 5.7140e-03 7.2060e-03 9.6390e-03 1.3130e-02 1.6390e-02 2.0070e-02 2.4980e-02 3.2580e-02 4.4290e-02 5.9400e-02 7.9260e-02 9.9080e-02 9.2890e-02 7.9730e-02 7.5350e-02 9.6450e-02 
2.9030e-04 3.5830e-04 4.5410e-04 6.0440e-04 7.5160e-04 8.4840e-04 9.0920e-04 9.3060e-04 9.5270e-04 9.7610e-04 1.0000e-03 1.0250e-03 1.0510e-03 1.0770e-03 1.1160e-03 1.1840e-03 1.2870e-03 1.5190e-03 1.8980e-03 2.3750e-03 2.8230e-03 3.1410e-03 3.3880e-03 3.6300e-03 3.9940e-03 4.5120e-03 5.2930e-03 6.6620e-03 8.9770e-03 1.1950e-02 1.4880e-02 1.7870e-02 2.1420e-02 2.6890e-02 3.5680e-02 4.7150e-02 6.2050e-02 8.6800e-02 1.1440e-01 1.1090e-01 1.0280e-01 1.2420e-01 
2.5670e-04 3.2060e-04 4.0850e-04 5.3680e-04 6.8090e-04 7.7460e-04 8.2970e-04 8.4820e-04 8.6710e-04 8.8670e-04 9.0670e-04 9.2660e-04 9.4750e-04 9.6840e-04 9.9950e-04 1.0540e-03 1.1340e-03 1.3260e-03 1.6780e-03 2.1150e-03 2.5250e-03 2.8200e-03 3.0410e-03 3.2490e-03 3.5580e-03 4.0120e-03 4.7420e-03 5.9520e-03 7.9950e-03 1.0660e-02 1.3000e-02 1.5400e-02 1.8240e-02 2.2220e-02 2.8170e-02 3.6020e-02 4.6920e-02 6.4380e-02 9.5550e-02 1.3740e-01 1.4430e-01 1.6690e-01 
2.1160e-04 2.6250e-04 3.3390e-04 4.4190e-04 5.5720e-04 6.3440e-04 6.8150e-04 6.9780e-04 7.1450e-04 7.3210e-04 7.5020e-04 7.6840e-04 7.8760e-04 8.0660e-04 8.3440e-04 8.8170e-04 9.4980e-04 1.1030e-03 1.3640e-03 1.7000e-03 2.0420e-03 2.2890e-03 2.4750e-03 2.6510e-03 2.9140e-03 3.3030e-03 3.8940e-03 4.8780e-03 6.5710e-03 8.6990e-03 1.0600e-02 1.2430e-02 1.4460e-02 1.7230e-02 2.1280e-02 2.6280e-02 3.2860e-02 4.3640e-02 6.3160e-02 1.0370e-01 1.7400e-01 2.4030e-01 
1.2270e-04 1.5240e-04 1.9390e-04 2.5630e-04 3.2340e-04 3.6860e-04 3.9600e-04 4.0550e-04 4.1520e-04 4.2540e-04 4.3590e-04 4.4650e-04 4.5770e-04 4.6880e-04 4.8510e-04 5.1290e-04 5.5290e-04 6.4440e-04 8.0310e-04 1.0040e-03 1.1950e-03 1.3300e-03 1.4320e-03 1.5280e-03 1.6740e-03 1.8900e-03 2.2340e-03 2.8150e-03 3.8030e-03 5.0480e-03 6.1370e-03 7.1800e-03 8.3010e-03 9.7780e-03 1.1820e-02 1.4200e-02 1.7170e-02 2.1870e-02 3.0260e-02 4.7600e-02 9.5970e-02 2.5500e-01 
///Sigma Espalhamento 1 g'g (g linha; g' coluna)
5.8300000000e-02 1.7030000000e-04 -6.8133333333e-17 0.0000000000e+00 0.0000000000e+00 0.0000000000e+00 0.0000000000e+00 0.0000000000e+00 0.0000000000e+00 0.0000000000e+00 0.0000000000e+00 0.0000000000e+00 0.0000000000e+00 0.0000000000e+00 0.0000000000e+00 0.0000000000e+00 0.0000000000e+00 0.0000000000e+00 0.0000000000e+00 0.0000000000e+00 0.0000000000e+00 0.0000000000e+00 0.0000000000e+00 0.0000000000e+00 0.0000000000e+00 0.0000000000e+00 0.0000000000e+00 0.0000000000e+00 0.0000000000e+00 0.0000000000e+00 0.0000000000e+00 0.0000000000e+00 0.0000000000e+00 0.0000000000e+00 0.0000000000e+00 0.0000000000e+00 0.0000000000e+00 0.0000000000e+00 0.0000000000e+00 0.0000000000e+00 0.0000000000e+00 0.0000000000e+00 
2.4713333333e-02 6.3366666667e-02 3.1830000000e-04 -1.3310000000e-13 0.0000000000e+00 0.0000000000e+00 0.0000000000e+00 0.0000000000e+00 0.0000000000e+00 0.0000000000e+00 0.0000000000e+00 0.0000000000e+00 0.0000000000e+00 0.0000000000e+00 0.0000000000e+00 0.0000000000e+00 0.0000000000e+00 0.0000000000e+00 0.0000000000e+00 0.0000000000e+00 0.0000000000e+00 0.0000000000e+00 0.0000000000e+00 0.0000000000e+00 0.0000000000e+00 0.0000000000e+00 0.0000000000e+00 0.0000000000e+00 0.0000000000e+00 0.0000000000e+00 0.0000000000e+00 0.0000000000e+00 0.0000000000e+00 0.0000000000e+00 0.0000000000e+00 0.0000000000e+00 0.0000000000e+00 0.0000000000e+00 0.0000000000e+00 0.0000000000e+00 0.0000000000e+00 0.0000000000e+00 
2.8023333333e-02 2.3013333333e-02 6.3566666667e-02 3.1246666667e-04 1.3933333333e-14 1.0673333333e-17 0.0000000000e+00 0.0000000000e+00 0.0000000000e+00 0.0000000000e+00 0.0000000000e+00 0.0000000000e+00 0.0000000000e+00 0.0000000000e+00 0.0000000000e+00 0.0000000000e+00 0.0000000000e+00 0.0000000000e+00 0.0000000000e+00 0.0000000000e+00 0.0000000000e+00 0.0000000000e+00 0.0000000000e+00 0.0000000000e+00 0.0000000000e+00 0.0000000000e+00 0.0000000000e+00 0.0000000000e+00 0.0000000000e+00 0.0000000000e+00 0.0000000000e+00 0.0000000000e+00 0.0000000000e+00 0.0000000000e+00 0.0000000000e+00 0.0000000000e+00 0.0000000000e+00 0.0000000000e+00 0.0000000000e+00 0.0000000000e+00 0.0000000000e+00 0.0000000000e+00 
3.1236666667e-02 3.9366666667e-02 3.8966666667e-02 7.4066666667e-02 1.3550000000e-03 -7.4633333333e-09 8.6466666667e-10 4.6133333333e-10 2.1323333333e-10 8.8466666667e-11 3.5666666667e-11 1.4703333333e-11 6.8866666667e-12 0.0000000000e+00 0.0000000000e+00 0.0000000000e+00 0.0000000000e+00 0.0000000000e+00 0.0000000000e+00 0.0000000000e+00 0.0000000000e+00 0.0000000000e+00 0.0000000000e+00 0.0000000000e+00 0.0000000000e+00 0.0000000000e+00 0.0000000000e+00 0.0000000000e+00 0.0000000000e+00 0.0000000000e+00 0.0000000000e+00 0.0000000000e+00 0.0000000000e+00 0.0000000000e+00 0.0000000000e+00 0.0000000000e+00 0.0000000000e+00 0.0000000000e+00 0.0000000000e+00 0.0000000000e+00 0.0000000000e+00 0.0000000000e+00 
8.9066666667e-03 1.2336666667e-02 1.6983333333e-02 1.7420000000e-02 6.2366666667e-02 2.2753333333e-03 3.6733333333e-06 4.7833333333e-07 -8.7833333333e-09 -3.6666666667e-08 -1.7713333333e-08 -5.3066666667e-09 -2.0496666667e-09 8.6800000000e-10 1.1323333333e-09 3.6433333333e-10 3.7666666667e-11 0.0000000000e+00 0.0000000000e+00 0.0000000000e+00 0.0000000000e+00 0.0000000000e+00 0.0000000000e+00 0.0000000000e+00 0.0000000000e+00 0.0000000000e+00 0.0000000000e+00 0.0000000000e+00 0.0000000000e+00 0.0000000000e+00 0.0000000000e+00 0.0000000000e+00 0.0000000000e+00 0.0000000000e+00 0.0000000000e+00 0.0000000000e+00 0.0000000000e+00 0.0000000000e+00 0.0000000000e+00 0.0000000000e+00 0.0000000000e+00 0.0000000000e+00 
6.0933333333e-03 8.5066666667e-03 1.1943333333e-02 1.0596666667e-02 2.5570000000e-02 5.9400000000e-02 1.0526666667e-02 2.6916666667e-03 7.5166666667e-04 2.0170000000e-04 4.9933333333e-05 1.1330000000e-05 2.1723333333e-06 3.0990000000e-07 5.7066666667e-09 5.1666666667e-09 1.0490000000e-08 0.0000000000e+00 0.0000000000e+00 0.0000000000e+00 0.0000000000e+00 0.0000000000e+00 0.0000000000e+00 0.0000000000e+00 0.0000000000e+00 0.0000000000e+00 0.0000000000e+00 0.0000000000e+00 0.0000000000e+00 0.0000000000e+00 0.0000000000e+00 0.0000000000e+00 0.0000000000e+00 0.0000000000e+00 0.0000000000e+00 0.0000000000e+00 0.0000000000e+00 0.0000000000e+00 0.0000000000e+00 0.0000000000e+00 0.0000000000e+00 0.0000000000e+00 
1.0433333333e-03 1.4616666667e-03 2.0473333333e-03 2.7140000000e-03 8.3433333333e-04 1.0630000000e-02 2.2710000000e-02 8.1866666667e-03 2.0933333333e-03 5.8900000000e-04 1.6503333333e-04 4.4566666667e-05 1.0976666667e-05 2.3880000000e-06 2.7380000000e-07 5.2333333333e-09 3.7200000000e-09 0.0000000000e+00 0.0000000000e+00 0.0000000000e+00 0.0000000000e+00 0.0000000000e+00 0.0000000000e+00 0.0000000000e+00 0.0000000000e+00 0.0000000000e+00 0.0000000000e+00 0.0000000000e+00 0.0000000000e+00 0.0000000000e+00 0.0000000000e+00 0.0000000000e+00 0.0000000000e+00 0.0000000000e+00 0.0000000000e+00 0.0000000000e+00 0.0000000000e+00 0.0000000000e+00 0.0000000000e+00 0.0000000000e+00 0.0000000000e+00 0.0000000000e+00 
9.9633333333e-04 1.3870000000e-03 1.9406666667e-03 2.7036666667e-03 5.7800000000e-04 7.4266666667e-03 1.8590000000e-02 2.2540000000e-02 8.1866666667e-03 2.0726666667e-03 5.9233333333e-04 1.7376666667e-04 4.8100000000e-05 1.2423333333e-05 1.9106666667e-06 5.2666666667e-08 7.9200000000e-09 0.0000000000e+00 0.0000000000e+00 0.0000000000e+00 0.0000000000e+00 0.0000000000e+00 0.0000000000e+00 0.0000000000e+00 0.0000000000e+00 0.0000000000e+00 0.0000000000e+00 0.0000000000e+00 0.0000000000e+00 0.0000000000e+00 0.0000000000e+00 0.0000000000e+00 0.0000000000e+00 0.0000000000e+00 0.0000000000e+00 0.0000000000e+00 0.0000000000e+00 0.0000000000e+00 0.0000000000e+00 0.0000000000e+00 0.0000000000e+00 0.0000000000e+00 
9.8000000000e-04 1.3660000000e-03 1.9100000000e-03 2.7520000000e-03 5.6366666667e-04 5.3733333333e-03 1.3190000000e-02 1.9010000000e-02 2.3003333333e-02 8.3200000000e-03 2.1303333333e-03 6.3733333333e-04 1.9210000000e-04 5.5266666667e-05 1.0263333333e-05 4.4466666667e-07 1.5653333333e-08 4.9633333333e-09 0.0000000000e+00 0.0000000000e+00 0.0000000000e+00 0.0000000000e+00 0.0000000000e+00 0.0000000000e+00 0.0000000000e+00 0.0000000000e+00 0.0000000000e+00 0.0000000000e+00 0.0000000000e+00 0.0000000000e+00 0.0000000000e+00 0.0000000000e+00 0.0000000000e+00 0.0000000000e+00 0.0000000000e+00 0.0000000000e+00 0.0000000000e+00 0.0000000000e+00 0.0000000000e+00 0.0000000000e+00 0.0000000000e+00 0.0000000000e+00 
9.6566666667e-04 1.3446666667e-03 1.8800000000e-03 2.7600000000e-03 1.1200000000e-03 3.6933333333e-03 1.0186666667e-02 1.3346666667e-02 1.9293333333e-02 2.3483333333e-02 8.6433333333e-03 2.3036666667e-03 7.0500000000e-04 2.2183333333e-04 4.6533333333e-05 2.7516666667e-06 4.3833333333e-08 4.6633333333e-09 0.0000000000e+00 0.0000000000e+00 0.0000000000e+00 0.0000000000e+00 0.0000000000e+00 0.0000000000e+00 0.0000000000e+00 0.0000000000e+00 0.0000000000e+00 0.0000000000e+00 0.0000000000e+00 0.0000000000e+00 0.0000000000e+00 0.0000000000e+00 0.0000000000e+00 0.0000000000e+00 0.0000000000e+00 0.0000000000e+00 0.0000000000e+00 0.0000000000e+00 0.0000000000e+00 0.0000000000e+00 0.0000000000e+00 0.0000000000e+00 
9.1633333333e-04 1.2730000000e-03 1.7793333333e-03 2.6426666667e-03 1.2203333333e-03 2.3306666667e-03 7.3500000000e-03 9.9266666667e-03 1.2976666667e-02 1.8966666667e-02 2.3300000000e-02 8.8166666667e-03 2.3960000000e-03 7.5833333333e-04 1.7703333333e-04 1.3000000000e-05 2.0033333333e-07 1.0016666667e-08 0.0000000000e+00 0.0000000000e+00 0.0000000000e+00 0.0000000000e+00 0.0000000000e+00 0.0000000000e+00 0.0000000000e+00 0.0000000000e+00 0.0000000000e+00 0.0000000000e+00 0.0000000000e+00 0.0000000000e+00 0.0000000000e+00 0.0000000000e+00 0.0000000000e+00 0.0000000000e+00 0.0000000000e+00 0.0000000000e+00 0.0000000000e+00 0.0000000000e+00 0.0000000000e+00 0.0000000000e+00 0.0000000000e+00 0.0000000000e+00 
8.6566666667e-04 1.2033333333e-03 1.6813333333e-03 2.5270000000e-03 1.9126666667e-03 1.4630000000e-03 5.0033333333e-03 7.1933333333e-03 9.7100000000e-03 1.2743333333e-02 1.8756666667e-02 2.3073333333e-02 8.7833333333e-03 2.4643333333e-03 5.8400000000e-04 5.1066666667e-05 1.0090000000e-06 2.0253333333e-08 0.0000000000e+00 0.0000000000e+00 0.0000000000e+00 0.0000000000e+00 0.0000000000e+00 0.0000000000e+00 0.0000000000e+00 0.0000000000e+00 0.0000000000e+00 0.0000000000e+00 0.0000000000e+00 0.0000000000e+00 0.0000000000e+00 0.0000000000e+00 0.0000000000e+00 0.0000000000e+00 0.0000000000e+00 0.0000000000e+00 0.0000000000e+00 0.0000000000e+00 0.0000000000e+00 0.0000000000e+00 0.0000000000e+00 0.0000000000e+00 
8.5200000000e-04 1.1843333333e-03 1.6540000000e-03 2.5106666667e-03 2.0076666667e-03 1.0166666667e-03 3.2926666667e-03 5.1066666667e-03 7.3433333333e-03 9.9333333333e-03 1.3046666667e-02 1.9166666667e-02 2.3556666667e-02 9.3400000000e-03 1.9506666667e-03 1.8736666667e-04 4.8366666667e-06 4.5133333333e-08 0.0000000000e+00 0.0000000000e+00 0.0000000000e+00 0.0000000000e+00 0.0000000000e+00 0.0000000000e+00 0.0000000000e+00 0.0000000000e+00 0.0000000000e+00 0.0000000000e+00 0.0000000000e+00 0.0000000000e+00 0.0000000000e+00 0.0000000000e+00 0.0000000000e+00 0.0000000000e+00 0.0000000000e+00 0.0000000000e+00 0.0000000000e+00 0.0000000000e+00 0.0000000000e+00 0.0000000000e+00 0.0000000000e+00 0.0000000000e+00 
7.6866666667e-04 1.0693333333e-03 1.4926666667e-03 2.2783333333e-03 2.4516666667e-03 7.4166666667e-04 1.8973333333e-03 3.1303333333e-03 4.8200000000e-03 6.9700000000e-03 9.3600000000e-03 1.2230000000e-02 1.8123333333e-02 2.2530000000e-02 6.2533333333e-03 5.4600000000e-04 1.7840000000e-05 1.1246666667e-07 1.5020000000e-09 0.0000000000e+00 0.0000000000e+00 0.0000000000e+00 0.0000000000e+00 0.0000000000e+00 0.0000000000e+00 0.0000000000e+00 0.0000000000e+00 0.0000000000e+00 0.0000000000e+00 0.0000000000e+00 0.0000000000e+00 0.0000000000e+00 0.0000000000e+00 0.0000000000e+00 0.0000000000e+00 0.0000000000e+00 0.0000000000e+00 0.0000000000e+00 0.0000000000e+00 0.0000000000e+00 0.0000000000e+00 0.0000000000e+00 
1.3596666667e-03 1.9033333333e-03 2.6560000000e-03 4.0600000000e-03 5.1800000000e-03 1.2890000000e-03 1.9710000000e-03 3.1150000000e-03 5.0933333333e-03 7.9766666667e-03 1.1700000000e-02 1.5913333333e-02 2.0843333333e-02 2.9426666667e-02 3.5133333333e-02 5.8366666667e-03 2.1580000000e-04 1.4063333333e-06 7.5466666667e-09 0.0000000000e+00 0.0000000000e+00 0.0000000000e+00 0.0000000000e+00 0.0000000000e+00 0.0000000000e+00 0.0000000000e+00 0.0000000000e+00 0.0000000000e+00 0.0000000000e+00 0.0000000000e+00 0.0000000000e+00 0.0000000000e+00 0.0000000000e+00 0.0000000000e+00 0.0000000000e+00 0.0000000000e+00 0.0000000000e+00 0.0000000000e+00 0.0000000000e+00 0.0000000000e+00 0.0000000000e+00 0.0000000000e+00 
1.9566666667e-03 2.7510000000e-03 3.8433333333e-03 5.8366666667e-03 8.3133333333e-03 3.9400000000e-03 2.4723333333e-03 2.5496666667e-03 3.2350000000e-03 4.8500000000e-03 7.6500000000e-03 1.1666666667e-02 1.6993333333e-02 2.3023333333e-02 3.5100000000e-02 4.6466666667e-02 5.6733333333e-03 5.5633333333e-05 7.8333333333e-08 1.4863333333e-09 0.0000000000e+00 0.0000000000e+00 0.0000000000e+00 0.0000000000e+00 0.0000000000e+00 0.0000000000e+00 0.0000000000e+00 0.0000000000e+00 0.0000000000e+00 0.0000000000e+00 0.0000000000e+00 0.0000000000e+00 0.0000000000e+00 0.0000000000e+00 0.0000000000e+00 0.0000000000e+00 0.0000000000e+00 0.0000000000e+00 0.0000000000e+00 0.0000000000e+00 0.0000000000e+00 0.0000000000e+00 
2.1423333333e-03 3.0463333333e-03 4.2500000000e-03 6.4633333333e-03 9.3633333333e-03 8.5533333333e-03 3.9200000000e-03 4.0700000000e-03 3.8666666667e-03 3.6366666667e-03 3.7700000000e-03 4.6033333333e-03 6.4700000000e-03 9.5533333333e-03 1.6446666667e-02 3.4766666667e-02 5.3233333333e-02 2.5986666667e-03 8.6000000000e-07 1.9043333333e-08 1.0246666667e-09 1.8696666667e-10 6.8966666667e-11 3.1846666667e-11 1.1986666667e-11 0.0000000000e+00 0.0000000000e+00 0.0000000000e+00 0.0000000000e+00 0.0000000000e+00 0.0000000000e+00 0.0000000000e+00 0.0000000000e+00 0.0000000000e+00 0.0000000000e+00 0.0000000000e+00 0.0000000000e+00 0.0000000000e+00 0.0000000000e+00 0.0000000000e+00 0.0000000000e+00 0.0000000000e+00 
4.2066666667e-03 6.0533333333e-03 8.4566666667e-03 1.2890000000e-02 1.8423333333e-02 2.3383333333e-02 2.4213333333e-02 2.0840000000e-02 1.9990000000e-02 1.7676666667e-02 1.4436666667e-02 1.3170000000e-02 1.2713333333e-02 1.2833333333e-02 1.3223333333e-02 1.8433333333e-02 4.4733333333e-02 8.1866666667e-02 3.5733333333e-03 6.1333333333e-06 4.0766666667e-07 7.8566666667e-08 2.8416666667e-08 1.2740000000e-08 5.0566666667e-09 1.5280000000e-09 3.6866666667e-10 7.0533333333e-11 1.4856666667e-11 0.0000000000e+00 0.0000000000e+00 0.0000000000e+00 0.0000000000e+00 0.0000000000e+00 0.0000000000e+00 0.0000000000e+00 0.0000000000e+00 0.0000000000e+00 0.0000000000e+00 0.0000000000e+00 0.0000000000e+00 0.0000000000e+00 
2.9076666667e-03 4.1033333333e-03 5.7433333333e-03 8.7533333333e-03 1.2396666667e-02 1.5426666667e-02 1.7593333333e-02 1.8380000000e-02 1.9273333333e-02 2.0296666667e-02 2.1363333333e-02 2.1966666667e-02 2.0910000000e-02 1.9053333333e-02 1.7186666667e-02 1.5026666667e-02 1.4923333333e-02 2.8823333333e-02 8.6800000000e-02 4.7733333333e-03 3.9366666667e-05 9.9833333333e-06 4.2600000000e-06 2.0503333333e-06 7.8300000000e-07 2.2040000000e-07 5.3066666667e-08 1.1656666667e-08 1.7766666667e-09 2.8886666667e-10 1.0526666667e-10 4.7600000000e-11 2.2720000000e-11 1.2510000000e-11 8.4466666667e-12 6.3866666667e-12 5.3366666667e-12 4.2700000000e-12 2.5236666667e-12 1.3020000000e-12 6.3800000000e-13 9.5966666667e-13 
1.8726666667e-03 2.6963333333e-03 3.7833333333e-03 5.7600000000e-03 8.2500000000e-03 9.9400000000e-03 1.1303333333e-02 1.1813333333e-02 1.2323333333e-02 1.2863333333e-02 1.3440000000e-02 1.4046666667e-02 1.4700000000e-02 1.5330000000e-02 1.6246666667e-02 1.6913333333e-02 1.4410000000e-02 1.4973333333e-02 2.9690000000e-02 9.3233333333e-02 1.0066666667e-02 7.3200000000e-04 1.7916666667e-04 7.8533333333e-05 3.5100000000e-05 1.2440000000e-05 3.1810000000e-06 5.0466666667e-07 6.8700000000e-08 2.5223333333e-08 1.8416666667e-08 1.2976666667e-08 1.1390000000e-08 7.9366666667e-09 3.7566666667e-09 3.4700000000e-09 2.8190000000e-09 -2.8220000000e-10 -2.6173333333e-10 -2.4083333333e-10 -2.1236666667e-10 -1.8750000000e-10 
7.5766666667e-04 1.1306666667e-03 1.5840000000e-03 2.4090000000e-03 3.4566666667e-03 4.1900000000e-03 4.5766666667e-03 4.7833333333e-03 5.0466666667e-03 5.3100000000e-03 5.5533333333e-03 5.7833333333e-03 6.0333333333e-03 6.2966666667e-03 6.6900000000e-03 7.3433333333e-03 8.0133333333e-03 7.7066666667e-03 8.5266666667e-03 2.3360000000e-02 8.3833333333e-02 1.4976666667e-02 2.5363333333e-03 8.3166666667e-04 2.2423333333e-04 6.5200000000e-05 1.9880000000e-05 3.7533333333e-06 4.4966666667e-07 1.9276666667e-08 -1.2486666667e-08 -9.9600000000e-09 -2.5246666667e-09 6.1200000000e-09 1.2750000000e-08 1.6073333333e-08 1.7926666667e-08 1.9136666667e-08 1.7913333333e-08 1.7626666667e-08 1.2740000000e-08 1.2343333333e-08 
3.9866666667e-04 6.0066666667e-04 8.4400000000e-04 1.2796666667e-03 1.8376666667e-03 2.2406666667e-03 2.4633333333e-03 2.5303333333e-03 2.6223333333e-03 2.7636666667e-03 2.9110000000e-03 3.0463333333e-03 3.1780000000e-03 3.3200000000e-03 3.5300000000e-03 3.9133333333e-03 4.2466666667e-03 4.3000000000e-03 5.4966666667e-03 6.9166666667e-03 2.4573333333e-02 7.5366666667e-02 1.8333333333e-02 3.9633333333e-03 9.7033333333e-04 1.8630000000e-04 4.5700000000e-05 1.0030000000e-05 1.3713333333e-06 1.0183333333e-07 -4.0033333333e-08 -6.9500000000e-08 -7.3733333333e-08 -6.9533333333e-08 -5.9766666667e-08 -4.9500000000e-08 -3.9500000000e-08 -2.9770000000e-08 -1.9540000000e-08 -1.1070000000e-08 -4.2866666667e-09 4.9166666667e-10 
2.4226666667e-04 3.6733333333e-04 5.1666666667e-04 7.7966666667e-04 1.1203333333e-03 1.3710000000e-03 1.5146666667e-03 1.5596666667e-03 1.5993333333e-03 1.6560000000e-03 1.7456666667e-03 1.8420000000e-03 1.9340000000e-03 2.0180000000e-03 2.1420000000e-03 2.3736666667e-03 2.6696666667e-03 2.7776666667e-03 3.5666666667e-03 3.8300000000e-03 8.4000000000e-03 2.4340000000e-02 6.7266666667e-02 1.6480000000e-02 2.5616666667e-03 4.4833333333e-04 7.7166666667e-05 1.6533333333e-05 2.4856666667e-06 2.2373333333e-07 -4.3300000000e-08 -1.0270000000e-07 -1.1790000000e-07 -1.1783333333e-07 -1.1060000000e-07 -1.0210000000e-07 -9.4000000000e-08 -8.4600000000e-08 -7.5100000000e-08 -6.4833333333e-08 -5.4466666667e-08 -4.4600000000e-08 
2.2783333333e-04 3.3966666667e-04 4.7833333333e-04 7.2000000000e-04 1.0343333333e-03 1.2690000000e-03 1.4026666667e-03 1.4450000000e-03 1.4870000000e-03 1.5250000000e-03 1.5903333333e-03 1.6810000000e-03 1.7753333333e-03 1.8556666667e-03 1.9663333333e-03 2.1830000000e-03 2.5066666667e-03 2.5616666667e-03 3.3400000000e-03 3.8233333333e-03 5.8566666667e-03 1.1673333333e-02 2.9343333333e-02 7.1600000000e-02 1.2503333333e-02 1.3146666667e-03 2.0530000000e-04 3.3433333333e-05 5.4900000000e-06 5.3066666667e-07 -7.7066666667e-08 -2.1326666667e-07 -2.4593333333e-07 -2.4813333333e-07 -2.3533333333e-07 -2.1793333333e-07 -2.0020000000e-07 -1.8390000000e-07 -1.6740000000e-07 -1.5330000000e-07 -1.3880000000e-07 -1.2706666667e-07 
3.0526666667e-04 4.5633333333e-04 6.4133333333e-04 9.6666666667e-04 1.3860000000e-03 1.7036666667e-03 1.8853333333e-03 1.9450000000e-03 2.0033333333e-03 2.0626666667e-03 2.1236666667e-03 2.2120000000e-03 2.3313333333e-03 2.4570000000e-03 2.6233333333e-03 2.9120000000e-03 3.3566666667e-03 3.6366666667e-03 4.4533333333e-03 5.8300000000e-03 6.2700000000e-03 1.0740000000e-02 1.6850000000e-02 3.6833333333e-02 9.1600000000e-02 1.4343333333e-02 1.1926666667e-03 1.3906666667e-04 2.1643333333e-05 2.1666666667e-06 -3.4466666667e-07 -9.4200000000e-07 -1.0906666667e-06 -1.0710000000e-06 -9.8866666667e-07 -9.0566666667e-07 -8.2966666667e-07 -7.5333333333e-07 -6.7866666667e-07 -6.0766666667e-07 -5.4600000000e-07 -4.8633333333e-07 
2.5963333333e-04 3.9133333333e-04 5.4733333333e-04 8.2500000000e-04 1.1830000000e-03 1.4530000000e-03 1.6173333333e-03 1.6710000000e-03 1.7220000000e-03 1.7716666667e-03 1.8166666667e-03 1.8646666667e-03 1.9386666667e-03 2.0506666667e-03 2.2193333333e-03 2.4626666667e-03 2.8360000000e-03 3.1943333333e-03 3.7866666667e-03 5.4100000000e-03 5.8200000000e-03 6.4766666667e-03 9.3133333333e-03 1.2703333333e-02 3.0793333333e-02 1.0020000000e-01 1.1096666667e-02 5.6900000000e-04 6.5466666667e-05 6.9266666667e-06 -1.5183333333e-06 -3.5033333333e-06 -3.9266666667e-06 -3.8666666667e-06 -3.5766666667e-06 -3.2630000000e-06 -2.9656666667e-06 -2.6620000000e-06 -2.3746666667e-06 -2.0956666667e-06 -1.8370000000e-06 -1.6270000000e-06 
2.7553333333e-04 4.1733333333e-04 5.8333333333e-04 8.7233333333e-04 1.2520000000e-03 1.5376666667e-03 1.7210000000e-03 1.7750000000e-03 1.8250000000e-03 1.8760000000e-03 1.9323333333e-03 1.9903333333e-03 2.0520000000e-03 2.1260000000e-03 2.2803333333e-03 2.5683333333e-03 2.9813333333e-03 3.4866666667e-03 4.1500000000e-03 5.5300000000e-03 7.2433333333e-03 7.3933333333e-03 7.5933333333e-03 9.1933333333e-03 1.3133333333e-02 3.3900000000e-02 1.2143333333e-01 1.0930000000e-02 3.9200000000e-04 3.3433333333e-05 -1.1283333333e-05 -2.2066666667e-05 -2.4786666667e-05 -2.4613333333e-05 -2.2913333333e-05 -2.0923333333e-05 -1.9036666667e-05 -1.7090000000e-05 -1.5226666667e-05 -1.3470000000e-05 -1.1850000000e-05 -1.0553333333e-05 
1.6680000000e-04 2.9700000000e-04 4.1600000000e-04 6.1900000000e-04 8.7800000000e-04 1.0806666667e-03 1.2070000000e-03 1.2473333333e-03 1.2893333333e-03 1.3336666667e-03 1.3760000000e-03 1.4146666667e-03 1.4506666667e-03 1.4816666667e-03 1.5386666667e-03 1.7530000000e-03 2.0830000000e-03 2.6416666667e-03 2.9413333333e-03 3.5100000000e-03 4.9466666667e-03 5.8033333333e-03 6.1366666667e-03 6.1900000000e-03 6.6300000000e-03 8.9733333333e-03 2.5810000000e-02 1.3620000000e-01 9.0200000000e-03 -1.4886666667e-05 -5.1500000000e-05 -1.0723333333e-04 -1.3056666667e-04 -1.3470000000e-04 -1.2756666667e-04 -1.1810000000e-04 -1.0836666667e-04 -9.8100000000e-05 -8.7866666667e-05 -7.8033333333e-05 -6.8733333333e-05 -6.0700000000e-05 
9.9666666667e-05 1.8466666667e-04 2.5733333333e-04 3.7366666667e-04 5.2266666667e-04 6.4666666667e-04 7.2766666667e-04 7.5333333333e-04 7.8066666667e-04 8.0800000000e-04 8.3200000000e-04 8.5233333333e-04 8.7166666667e-04 8.9100000000e-04 9.1433333333e-04 9.8833333333e-04 1.2300000000e-03 1.7150000000e-03 1.6803333333e-03 2.6433333333e-03 2.0223333333e-03 2.7400000000e-03 3.1353333333e-03 3.3933333333e-03 3.6500000000e-03 3.9133333333e-03 5.0666666667e-03 1.9076666667e-02 1.5200000000e-01 1.1946666667e-02 -2.0040000000e-03 -1.8293333333e-03 -1.2696666667e-03 -8.7366666667e-04 -6.8366666667e-04 -6.1300000000e-04 -5.6933333333e-04 -5.3266666667e-04 -4.9133333333e-04 -4.4433333333e-04 -3.9733333333e-04 -3.5366666667e-04 
2.7083333333e-05 5.4700000000e-05 7.5000000000e-05 1.0580000000e-04 1.4443333333e-04 1.7913333333e-04 2.0416666667e-04 2.1083333333e-04 2.1820000000e-04 2.2566666667e-04 2.3240000000e-04 2.3850000000e-04 2.4386666667e-04 2.4970000000e-04 2.5556666667e-04 2.5910000000e-04 3.2123333333e-04 4.9233333333e-04 5.1500000000e-04 1.0213333333e-03 1.2296666667e-04 2.7473333333e-04 3.8400000000e-04 4.4900000000e-04 4.8933333333e-04 5.5900000000e-04 6.3400000000e-04 3.9600000000e-04 1.0656666667e-02 1.4746666667e-01 1.5640000000e-02 -2.1096666667e-03 -3.6466666667e-03 -2.9963333333e-03 -2.1070000000e-03 -1.5143333333e-03 -1.1653333333e-03 -9.3866666667e-04 -8.0233333333e-04 -7.1733333333e-04 -6.5233333333e-04 -5.9400000000e-04 
1.0593333333e-05 2.3776666667e-05 3.2123333333e-05 4.3233333333e-05 5.8733333333e-05 7.2666666667e-05 8.3233333333e-05 8.7166666667e-05 9.0133333333e-05 9.3466666667e-05 9.6100000000e-05 9.7900000000e-05 9.9800000000e-05 1.0130000000e-04 1.0453333333e-04 1.0276666667e-04 1.2020000000e-04 2.0793333333e-04 2.2303333333e-04 5.8566666667e-04 -1.8826666667e-05 -1.1960000000e-04 -7.8000000000e-05 -6.7066666667e-05 -7.4466666667e-05 -1.1290000000e-04 -1.5550000000e-04 -1.2386666667e-04 -2.1143333333e-03 1.5796666667e-02 1.4473333333e-01 1.7326666667e-02 -4.3966666667e-04 -4.0800000000e-03 -3.7833333333e-03 -2.9693333333e-03 -2.2940000000e-03 -1.7320000000e-03 -1.3160000000e-03 -1.0413333333e-03 -8.7033333333e-04 -7.7266666667e-04 
4.5666666667e-06 1.1776666667e-05 1.5566666667e-05 2.0043333333e-05 2.6726666667e-05 3.2870000000e-05 3.8066666667e-05 3.9700000000e-05 4.1533333333e-05 4.3633333333e-05 4.5400000000e-05 4.6066666667e-05 4.6300000000e-05 4.5866666667e-05 4.6333333333e-05 4.6200000000e-05 4.9766666667e-05 9.9400000000e-05 1.1590000000e-04 2.6653333333e-04 2.1926666667e-05 -1.8150000000e-04 -1.6576666667e-04 -1.6556666667e-04 -1.9136666667e-04 -2.4226666667e-04 -3.1750000000e-04 -3.8766666667e-04 -1.6406666667e-03 -1.8786666667e-03 1.5693333333e-02 1.4290000000e-01 1.4260000000e-02 -6.3133333333e-04 -4.0600000000e-03 -3.8433333333e-03 -3.1993333333e-03 -2.4836666667e-03 -1.8626666667e-03 -1.3883333333e-03 -1.0786666667e-03 -8.9700000000e-04 
2.1513333333e-06 7.7266666667e-06 9.9000000000e-06 1.1943333333e-05 1.5470000000e-05 1.8806666667e-05 2.3050000000e-05 2.3593333333e-05 2.4243333333e-05 2.5516666667e-05 2.7603333333e-05 2.8500000000e-05 2.8256666667e-05 2.7080000000e-05 2.5693333333e-05 2.6093333333e-05 2.5843333333e-05 6.1533333333e-05 7.7333333333e-05 2.3710000000e-04 7.1733333333e-05 -2.0476666667e-04 -2.0406666667e-04 -2.0530000000e-04 -2.3710000000e-04 -2.9283333333e-04 -3.8933333333e-04 -5.2400000000e-04 -1.2356666667e-03 -3.5166666667e-03 -4.0300000000e-04 1.5286666667e-02 1.4730000000e-01 1.0493333333e-02 -2.1603333333e-03 -4.8333333333e-03 -4.5300000000e-03 -3.7433333333e-03 -2.8893333333e-03 -2.1426666667e-03 -1.5766666667e-03 -1.2296666667e-03 
-1.2653333333e-06 5.5066666667e-06 6.5800000000e-06 7.0033333333e-06 8.6566666667e-06 1.0623333333e-05 1.4453333333e-05 1.4803333333e-05 1.4753333333e-05 1.4986666667e-05 1.6416666667e-05 1.7873333333e-05 1.8263333333e-05 1.6786666667e-05 1.4276666667e-05 1.3570000000e-05 1.2290000000e-05 3.9733333333e-05 5.4700000000e-05 1.7360000000e-04 1.3436666667e-04 -2.2386666667e-04 -2.3793333333e-04 -2.4220000000e-04 -2.7216666667e-04 -3.3800000000e-04 -4.5266666667e-04 -6.3566666667e-04 -1.0496666667e-03 -3.3733333333e-03 -4.5833333333e-03 -7.7466666667e-04 1.2226666667e-02 1.5373333333e-01 7.5466666667e-03 -3.3013333333e-03 -6.1600000000e-03 -5.9933333333e-03 -4.7900000000e-03 -3.5933333333e-03 -2.6166666667e-03 -1.9433333333e-03 
-1.4680000000e-06 3.1950000000e-06 3.4066666667e-06 2.9633333333e-06 2.8590000000e-06 3.9200000000e-06 6.1366666667e-06 7.1933333333e-06 7.2233333333e-06 6.7000000000e-06 6.8333333333e-06 7.6266666667e-06 8.4566666667e-06 7.9766666667e-06 5.6833333333e-06 3.6466666667e-06 1.7613333333e-06 1.9413333333e-05 3.3466666667e-05 5.0866666667e-05 1.6473333333e-04 -1.8473333333e-04 -2.1986666667e-04 -2.2626666667e-04 -2.4833333333e-04 -3.0813333333e-04 -4.1466666667e-04 -5.9366666667e-04 -8.5600000000e-04 -2.3400000000e-03 -4.1766666667e-03 -4.9700000000e-03 -2.4686666667e-03 7.4033333333e-03 1.5750000000e-01 4.9600000000e-03 -3.8633333333e-03 -7.0200000000e-03 -6.7666666667e-03 -5.2300000000e-03 -3.7033333333e-03 -2.6463333333e-03 
-1.1440000000e-06 1.5020000000e-06 1.3633333333e-06 8.3466666667e-07 -3.0453333333e-08 3.7900000000e-07 1.1626666667e-06 2.1630000000e-06 2.6666666667e-06 2.2460000000e-06 1.7336666667e-06 1.8550000000e-06 2.1033333333e-06 2.3360000000e-06 1.2423333333e-06 -6.2033333333e-07 -2.8543333333e-06 6.8833333333e-06 1.7086666667e-05 3.3066666667e-05 1.3706666667e-04 -1.1220000000e-04 -1.5496666667e-04 -1.6016666667e-04 -1.7426666667e-04 -2.1480000000e-04 -2.8923333333e-04 -4.2033333333e-04 -6.0166666667e-04 -1.2903333333e-03 -2.5073333333e-03 -3.5866666667e-03 -4.2200000000e-03 -2.4780000000e-03 3.7700000000e-03 1.5876666667e-01 1.7460000000e-03 -4.6400000000e-03 -6.4833333333e-03 -5.7233333333e-03 -4.1566666667e-03 -2.8083333333e-03 
-1.1990000000e-06 9.6800000000e-07 6.5500000000e-07 -1.0423333333e-07 -1.2523333333e-06 -1.1283333333e-06 -6.2033333333e-07 2.5856666667e-08 6.3000000000e-07 6.2966666667e-07 1.0493333333e-08 -1.8210000000e-07 -2.6146666667e-07 -1.5330000000e-07 -5.2900000000e-07 -2.3243333333e-06 -5.5700000000e-06 2.1233333333e-06 1.2413333333e-05 2.5196666667e-05 1.4690000000e-04 -8.8066666667e-05 -1.4663333333e-04 -1.5173333333e-04 -1.6476666667e-04 -2.0126666667e-04 -2.7133333333e-04 -3.9766666667e-04 -5.8133333333e-04 -1.0280000000e-03 -1.9993333333e-03 -3.0776666667e-03 -4.0666666667e-03 -4.7533333333e-03 -3.0436666667e-03 1.7766666667e-03 1.6086666667e-01 -1.5703333333e-03 -7.3600000000e-03 -7.9600000000e-03 -6.2500000000e-03 -4.3033333333e-03 
-1.1953333333e-06 5.2133333333e-07 3.5700000000e-08 -8.9600000000e-07 -2.0640000000e-06 -2.1590000000e-06 -1.5840000000e-06 -1.4133333333e-06 -1.2346666667e-06 -8.7766666667e-07 -1.1893333333e-06 -1.3270000000e-06 -1.5153333333e-06 -1.6390000000e-06 -1.8996666667e-06 -3.4700000000e-06 -7.3333333333e-06 -1.3590000000e-06 8.2633333333e-06 -1.1063333333e-05 1.4880000000e-04 -6.2200000000e-05 -1.3126666667e-04 -1.3923333333e-04 -1.4906666667e-04 -1.8010000000e-04 -2.4303333333e-04 -3.5933333333e-04 -5.4233333333e-04 -8.3000000000e-04 -1.5083333333e-03 -2.3826666667e-03 -3.3466666667e-03 -4.5966666667e-03 -5.4900000000e-03 -4.7666666667e-03 -1.5876666667e-03 1.5956666667e-01 -5.2900000000e-03 -1.0233333333e-02 -9.4266666667e-03 -6.8366666667e-03 
-1.0586666667e-06 1.9343333333e-07 -3.1226666667e-07 -1.2166666667e-06 -2.4530000000e-06 -2.6870000000e-06 -2.0543333333e-06 -2.0436666667e-06 -2.2553333333e-06 -2.1853333333e-06 -1.9720000000e-06 -1.8430000000e-06 -1.7026666667e-06 -1.8810000000e-06 -2.7553333333e-06 -4.3033333333e-06 -7.7233333333e-06 -3.6500000000e-06 4.1033333333e-06 -9.8733333333e-06 1.1590000000e-04 -3.5200000000e-05 -1.1036666667e-04 -1.2016666667e-04 -1.2756666667e-04 -1.5193333333e-04 -2.0486666667e-04 -3.0460000000e-04 -4.7333333333e-04 -6.7533333333e-04 -1.0896666667e-03 -1.6956666667e-03 -2.4470000000e-03 -3.4733333333e-03 -5.0000000000e-03 -6.2800000000e-03 -6.9400000000e-03 -5.0300000000e-03 1.5336666667e-01 -8.5766666667e-03 -1.3100000000e-02 -1.1180000000e-02 
-9.1333333333e-07 -2.2083333333e-09 -4.4233333333e-07 -1.2513333333e-06 -2.3203333333e-06 -2.7756666667e-06 -2.4016666667e-06 -2.1600000000e-06 -2.2306666667e-06 -2.3306666667e-06 -2.1510000000e-06 -1.6760000000e-06 -1.4590000000e-06 -1.7006666667e-06 -2.7086666667e-06 -4.6900000000e-06 -6.8600000000e-06 -4.5633333333e-06 1.1400000000e-06 -7.8733333333e-06 9.5166666667e-05 -1.4343333333e-05 -8.2500000000e-05 -9.5300000000e-05 -9.9333333333e-05 -1.1673333333e-04 -1.5743333333e-04 -2.3493333333e-04 -3.7066666667e-04 -5.2666666667e-04 -7.5233333333e-04 -1.1020000000e-03 -1.5803333333e-03 -2.2666666667e-03 -3.3500000000e-03 -4.8066666667e-03 -6.5033333333e-03 -8.4100000000e-03 -7.4700000000e-03 1.3893333333e-01 -1.1180000000e-02 -1.6443333333e-02 
-6.3733333333e-07 -5.5933333333e-08 -4.4433333333e-07 -1.0446666667e-06 -1.7190000000e-06 -2.3563333333e-06 -2.3096666667e-06 -1.7890000000e-06 -1.4800000000e-06 -1.2056666667e-06 -1.0556666667e-06 -1.0953333333e-06 -1.1360000000e-06 -1.4510000000e-06 -2.4936666667e-06 -3.7800000000e-06 -5.0566666667e-06 -3.8566666667e-06 -3.5500000000e-07 -4.9800000000e-06 3.8900000000e-05 -1.1886666667e-06 -4.9800000000e-05 -6.2566666667e-05 -6.4966666667e-05 -7.4633333333e-05 -1.0090000000e-04 -1.5080000000e-04 -2.4080000000e-04 -3.4900000000e-04 -4.5933333333e-04 -6.2566666667e-04 -8.4966666667e-04 -1.2043333333e-03 -1.7276666667e-03 -2.5370000000e-03 -3.7066666667e-03 -5.6233333333e-03 -8.2733333333e-03 -8.1533333333e-03 1.1103333333e-01 -1.0446666667e-02 
-2.3090000000e-07 -1.9630000000e-08 -1.9613333333e-07 -3.8300000000e-07 -6.6233333333e-07 -1.2140000000e-06 -9.9966666667e-07 -5.1433333333e-07 -1.3366666667e-07 -1.8113333333e-08 -1.6453333333e-07 -3.8333333333e-07 -6.0800000000e-07 -8.6666666667e-07 -1.1716666667e-06 -1.5596666667e-06 -1.9130000000e-06 -1.6400000000e-06 -4.6000000000e-07 -1.7103333333e-06 1.4813333333e-05 2.1426666667e-06 -1.5960000000e-05 -2.2640000000e-05 -2.3160000000e-05 -2.6263333333e-05 -3.5700000000e-05 -5.2900000000e-05 -8.5066666667e-05 -1.2640000000e-04 -1.6233333333e-04 -2.0733333333e-04 -2.6413333333e-04 -3.5666666667e-04 -4.9200000000e-04 -6.8166666667e-04 -1.0130000000e-03 -1.6163333333e-03 -2.7970000000e-03 -4.7466666667e-03 -4.1566666667e-03 6.8533333333e-02 
//Tipo de Condicoes de Contorno (Esq. Dir) (1-Prescrita. 2-Reflexiva)
1 1
Valor da condicao de contorno prescrita (Esq, Dir) 
//g= 1
0 0
//g= 2
0 0
//g= 3
0 0
//g= 4
1 0
//g= 5
0 0
//g= 6
0 0
//g= 7
0 0
//g= 8
0 0
//g= 9
0 0
//g= 10
0 0
//g= 11
0 0
//g= 12
0 0
//g= 13
0 0
//g= 14
0 0
//g= 15
0 0
//g= 16
0 0
//g= 17
0 0
//g= 18
0 0
//g= 19
0 0
//g= 20
0 0
//g= 21
0 0
//g= 22
0 0
//g= 23
0 0
//g= 24
0 0
//g= 25
0 0
//g= 26
0 0
//g= 27
0 0
//g= 28
0 0
//g= 29
0 0
//g= 30
0 0
//g= 31
0 0
//g= 32
0 0
//g= 33
0 0
//g= 34
0 0
//g= 35
0 0
//g= 36
0 0
//g= 37
0 0
//g= 38
0 0
//g= 39
0 0
//g= 40
0 0
//g= 41
0 0
//g= 42
0 0
//Fonte Fisica
//g= 1
0 0 0 0 
//g= 2
0 0 0 0 
//g= 3
0 0 0 0 
//g= 4
0 0 0 0 
//g= 5
0 0 0 0 
//g= 6
0 0 0 0 
//g= 7
0 0 0 0 
//g= 8
0 0 0 0 
//g= 9
0 0 0 0 
//g= 10
0 0 0 0 
//g= 11
0 0 0 0 
//g= 12
0 0 0 0 
//g= 13
0 0 0 0 
//g= 14
0 0 0 0 
//g= 15
0 0 0 0 
//g= 16
0 0 0 0 
//g= 17
0 0 0 0 
//g= 18
0 0 0 0 
//g= 19
0 0 0 0 
//g= 20
0 0 0 0 
//g= 21
0 0 0 0 
//g= 22
0 0 0 0 
//g= 23
0 0 0 0 
//g= 24
0 0 0 0 
//g= 25
0 0 0 0 
//g= 26
0 0 0 0 
//g= 27
0 0 0 0 
//g= 28
0 0 0 0 
//g= 29
0 0 0 0 
//g= 30
0 0 0 0 
//g= 31
0 0 0 0 
//g= 32
0 0 0 0 
//g= 33
0 0 0 0 
//g= 34
0 0 0 0 
//g= 35
0 0 0 0 
//g= 36
0 0 0 0 
//g= 37
0 0 0 0 
//g= 38
0 0 0 0 
//g= 39
0 0 0 0 
//g= 40
0 0 0 0 
//g= 41
0 0 0 0 
//g= 42
0 0 0 0


