//Imprimir Matrizes Autovalores. Autovalores/Autovetores. Mat Theta. Mat GG. Fluxo Escalar. Figura Gnuplot (1-Sim. 0-Nao)  0 0 0 0 0 0     1 1 1 1 1 1
0 1 0 0 1 1
//Tipo de problema (1-Físico e 2-Adjunto)
1
//Método(1-DD; 2-MR;  3-SGF; 4-SDM; 5-SDM_mod) / Programacao (1-Serial e 2-Paralelo) 
2 1
//Ordem da Quadratura GL
4
//CP e-?. Maximo Numero de Iteracoes
6 2000
//Grupos de Energia
19
//Grau da Anisotropia do Espalhamento (L)
0
//NR e NZ
3 1
//Dados por Regiao
//Comprimento
4 2 4
//Nodos por Regiao  1 1 1     40 20 40     200 100 200
1 1 1
//Periodicidade  //SGF-Nodos por cm para a reconstrução; DD-Periodicidade para mostrar resultados
1
//Mapeamento
1 1 1
//Dados por Zona
///Zona 1
//Sigma Total g (g=1..19)
0.479679327 0.50655803 0.533668702 0.560540633 0.591739536 0.628808764 0.665745075 0.701391168 0.744831061 0.80042051 0.877229988 0.997658838 1.16174685 1.39024419 1.854291048 2.714682162 4.407602784 7.209129174 11.24335596
//Sigma Espalhamento 0 gg' (g linha; g' coluna)
0.029548118 0 0 0 0 0 0 0 0 0 0 0 0 0 0 0 0 0 0
0.05902055 0.036618413 0 0 0 0 0 0 0 0 0 0 0 0 0 0 0 0 0
0.042184808 0.055039075 0.034361631 0 0 0 0 0 0 0 0 0 0 0 0 0 0 0 0
0.040666939 0.05217418 0.067969281 0.041937093 0 0 0 0 0 0 0 0 0 0 0 0 0 0 0
0.039584392 0.04968289 0.063495508 0.08236419 0.052291858 0 0 0 0 0 0 0 0 0 0 0 0 0 0
0.039290537 0.047935423 0.059660156 0.075624069 0.101614858 0.066948112 0 0 0 0 0 0 0 0 0 0 0 0 0
0.026723352 0.031681211 0.038304417 0.047248407 0.061780381 0.087389438 0.058025117 0 0 0 0 0 0 0 0 0 0 0 0
0.028002311 0.032357306 0.038039516 0.045595252 0.057781635 0.079255814 0.111110324 0.071592898 0 0 0 0 0 0 0 0 0 0 0
0.030571149 0.034431222 0.039257689 0.045469531 0.055286705 0.072442123 0.097964319 0.134869306 0.09042196 0 0 0 0 0 0 0 0 0 0
0.035420643 0.039041975 0.043255672 0.048328923 0.055937148 0.068787266 0.087714533 0.115277289 0.166325576 0.117541097 0 0 0 0 0 0 0 0 0
0.04461218 0.048593485 0.052814294 0.05735588 0.063405768 0.072553789 0.085179812 0.103203926 0.13702475 0.208660655 0.158391241 0 0 0 0 0 0 0 0
0.060829395 0.068781678 0.074617715 0.080320328 0.086841688 0.094662579 0.103120113 0.113162482 0.130578737 0.168080578 0.267148863 0.223427899 0 0 0 0 0 0 0
0.000165825 0.006341195 0.016965864 0.030044733 0.048560637 0.075192472 0.091718104 0.096675794 0.102197319 0.110830099 0.134363039 0.229258433 0.204165209 0 0 0 0 0 0
0 0 0 0 0 0.0001767 0.0152973 0.045543694 0.088399432 0.148598618 0.176180846 0.201601705 0.324418813 0.273853935 0 0 0 0 0
0 0 0 0 0 0 0 0 0 0.001543606 0.066969023 0.206765118 0.333976081 0.430386889 0.38371637 0 0 0 0
0 0 0 0 0 0 0 0 0 0 0 0 0.054499452 0.263053012 0.446044756 0.399119411 0 0 0
0 0 0 0 0 0 0 0 0 0 0 0 0 0 0.196781164 0.651723686 0.564511187 0 0
0 0 0 0 0 0 0 0 0 0 0 0 0 0 0 0.03365743 0.483268064 0.459418496 0
0 0 0 0 0 0 0 0 0 0 0 0 0 0 0 0 0.090777532 0.724763254 1.217800236
//Tipo de Condicoes de Contorno (Esq. Dir) (1-Prescrita. 2-Reflexiva)
1 1
//Valor da condicao de contorno prescrita (Esq. Dir) 
//g= 1
1 0
//g= 2
0 0
//g= 3
0 0
//g= 4
0 0
//g= 5
0 0
//g= 6
0 0
//g= 7
0 0
//g= 8
0 0
//g= 9
0 0
//g= 10
0 0
//g= 11
0 0
//g= 12
0 0
//g= 13
0 0
//g= 14
0 0
//g= 15
0 0
//g= 16
0 0
//g= 17
0 0
//g= 18
0 0
//g= 19
0 0
//Fonte Fisica
//g= 1
0 0 0
//g= 2
0 0 0
//g= 3
0 0 0
//g= 4
0 0 0 
//g= 5
0 0 0  
//g= 6
0 0 0 
//g= 7
0 0 0 
//g= 8
0 0 0
//g= 9
0 0 0 
//g= 10
0 0 0 
//g= 11
0 0 0 
//g= 12
0 0 0 
//g= 13
0 0 0
//g= 14
0 0 0 
//g= 15
0 0 0
//g= 16
0 0 0 
//g= 17
0 0 0  
//g= 18
0 0 0 
//g= 19
0 0 0 



