---------------------------------------------------------------------------
Iteration Number: 592
Time: 45.0503s
---------------------------------------------------------------------------
Position x (cm)          Group                    Scalar Neutron Flux      
---------------------------------------------------------------------------
0.00                     1                        7.498983
                         2                        4.999412
---------------------------------------------------------------------------
2.00                     1                        7.498618
                         2                        4.999192
---------------------------------------------------------------------------
4.00                     1                        7.497010
                         2                        4.998252
---------------------------------------------------------------------------
6.00                     1                        7.492841
                         2                        4.995815
---------------------------------------------------------------------------
8.00                     1                        7.482539
                         2                        4.989792
---------------------------------------------------------------------------
10.00                    1                        7.457280
                         2                        4.975023
---------------------------------------------------------------------------
12.00                    1                        7.395429
                         2                        4.938839
---------------------------------------------------------------------------
14.00                    1                        7.243991
                         2                        4.850103
---------------------------------------------------------------------------
16.00                    1                        6.873010
                         2                        4.631640
---------------------------------------------------------------------------
18.00                    1                        5.960568
                         2                        4.086132
---------------------------------------------------------------------------
20.00                    1                        3.515569
                         2                        2.557942
---------------------------------------------------------------------------
22.00                    1                        1.314560
                         2                        0.874212
---------------------------------------------------------------------------
24.00                    1                        0.520307
                         2                        0.339890
---------------------------------------------------------------------------
26.00                    1                        0.206769
                         2                        0.134544
---------------------------------------------------------------------------
28.00                    1                        0.082245
                         2                        0.053469
---------------------------------------------------------------------------
30.00                    1                        0.032722
                         2                        0.021269
---------------------------------------------------------------------------
32.00                    1                        0.013020
                         2                        0.008462
---------------------------------------------------------------------------
34.00                    1                        0.005181
                         2                        0.003367
---------------------------------------------------------------------------
36.00                    1                        0.002061
                         2                        0.001340
---------------------------------------------------------------------------
38.00                    1                        0.000820
                         2                        0.000533
---------------------------------------------------------------------------
40.00                    1                        0.000326
                         2                        0.000212
---------------------------------------------------------------------------
42.00                    1                        0.000130
                         2                        0.000084
---------------------------------------------------------------------------
44.00                    1                        0.000052
                         2                        0.000034
---------------------------------------------------------------------------
46.00                    1                        0.000021
                         2                        0.000013
---------------------------------------------------------------------------
48.00                    1                        0.000008
                         2                        0.000005
---------------------------------------------------------------------------
50.00                    1                        0.000003
                         2                        0.000002
---------------------------------------------------------------------------
52.00                    1                        0.000001
                         2                        0.000001
---------------------------------------------------------------------------
54.00                    1                        0.000001
                         2                        0.000000
---------------------------------------------------------------------------
56.00                    1                        0.000000
                         2                        0.000000
---------------------------------------------------------------------------
58.00                    1                        0.000000
                         2                        0.000000
---------------------------------------------------------------------------
60.00                    1                        0.000000
                         2                        0.000000
---------------------------------------------------------------------------
62.00                    1                        0.000000
                         2                        0.000000
---------------------------------------------------------------------------
64.00                    1                        0.000000
                         2                        0.000000
---------------------------------------------------------------------------
66.00                    1                        0.000000
                         2                        0.000000
---------------------------------------------------------------------------
68.00                    1                        0.000000
                         2                        0.000000
---------------------------------------------------------------------------
70.00                    1                        0.000000
                         2                        0.000000
---------------------------------------------------------------------------
72.00                    1                        0.000000
                         2                        0.000000
---------------------------------------------------------------------------
74.00                    1                        0.000000
                         2                        0.000000
---------------------------------------------------------------------------
76.00                    1                        0.000000
                         2                        0.000000
---------------------------------------------------------------------------
78.00                    1                        0.000000
                         2                        0.000000
---------------------------------------------------------------------------
80.00                    1                        0.000000
                         2                        0.000000
---------------------------------------------------------------------------
82.00                    1                        0.000000
                         2                        0.000000
---------------------------------------------------------------------------
84.00                    1                        0.000000
                         2                        0.000000
---------------------------------------------------------------------------
86.00                    1                        0.000000
                         2                        0.000000
---------------------------------------------------------------------------
88.00                    1                        0.000000
                         2                        0.000000
---------------------------------------------------------------------------
90.00                    1                        0.000000
                         2                        0.000000
---------------------------------------------------------------------------
92.00                    1                        0.000000
                         2                        0.000000
---------------------------------------------------------------------------
94.00                    1                        0.000000
                         2                        0.000000
---------------------------------------------------------------------------
96.00                    1                        0.000000
                         2                        0.000000
---------------------------------------------------------------------------
98.00                    1                        0.000000
                         2                        0.000000
---------------------------------------------------------------------------
100.00                   1                        0.000000
                         2                        0.000000
---------------------------------------------------------------------------
