---------------------------------------------------------------------------
Iteration Number: 32
Time: 0.71125s
---------------------------------------------------------------------------
Position x (cm)          Group                    Scalar Neutron Flux      
---------------------------------------------------------------------------
0.00                     1                        0.994771111982391
                         2                        0.987986856471676
---------------------------------------------------------------------------
1.00                     1                        0.994496666372700
                         2                        0.987724101949780
---------------------------------------------------------------------------
2.00                     1                        0.993879800288168
                         2                        0.987131231619797
---------------------------------------------------------------------------
3.00                     1                        0.992493289855709
                         2                        0.985793465880223
---------------------------------------------------------------------------
4.00                     1                        0.989376822186586
                         2                        0.982774758785626
---------------------------------------------------------------------------
5.00                     1                        0.982371040064150
                         2                        0.975961889477006
---------------------------------------------------------------------------
6.00                     1                        0.966611730552830
                         2                        0.960575346420988
---------------------------------------------------------------------------
7.00                     1                        0.931045410307953
                         2                        0.925709645021092
---------------------------------------------------------------------------
8.00                     1                        0.849493861425829
                         2                        0.845425874574200
---------------------------------------------------------------------------
9.00                     1                        0.648393566247660
                         2                        0.646451877140923
---------------------------------------------------------------------------
10.00                    1                        0.000000000000000
                         2                        0.000000000000000
---------------------------------------------------------------------------
11.00                    1                        0.000000000000000
                         2                        0.000000000000000
---------------------------------------------------------------------------
12.00                    1                        0.000000000000000
                         2                        0.000000000000000
---------------------------------------------------------------------------
13.00                    1                        0.000000000000000
                         2                        0.000000000000000
---------------------------------------------------------------------------
14.00                    1                        0.000000000000000
                         2                        0.000000000000000
---------------------------------------------------------------------------
15.00                    1                        0.000000000000000
                         2                        0.000000000000000
---------------------------------------------------------------------------
16.00                    1                        0.000000000000000
                         2                        0.000000000000000
---------------------------------------------------------------------------
17.00                    1                        0.000000000000000
                         2                        0.000000000000000
---------------------------------------------------------------------------
18.00                    1                        0.000000000000000
                         2                        0.000000000000000
---------------------------------------------------------------------------
19.00                    1                        0.000000000000000
                         2                        0.000000000000000
---------------------------------------------------------------------------
20.00                    1                        0.000000000000000
                         2                        0.000000000000000
---------------------------------------------------------------------------
21.00                    1                        0.000000000000000
                         2                        0.000000000000000
---------------------------------------------------------------------------
22.00                    1                        0.000000000000000
                         2                        0.000000000000000
---------------------------------------------------------------------------
23.00                    1                        0.000000000000000
                         2                        0.000000000000000
---------------------------------------------------------------------------
24.00                    1                        0.000000000000000
                         2                        0.000000000000000
---------------------------------------------------------------------------
25.00                    1                        0.000000000000000
                         2                        0.000000000000000
---------------------------------------------------------------------------
26.00                    1                        0.000000000000000
                         2                        0.000000000000000
---------------------------------------------------------------------------
27.00                    1                        0.000000000000000
                         2                        0.000000000000000
---------------------------------------------------------------------------
28.00                    1                        0.000000000000000
                         2                        0.000000000000000
---------------------------------------------------------------------------
29.00                    1                        0.000000000000000
                         2                        0.000000000000000
---------------------------------------------------------------------------
30.00                    1                        0.000000000000000
                         2                        0.000000000000000
---------------------------------------------------------------------------
31.00                    1                        0.000000000000000
                         2                        0.000000000000000
---------------------------------------------------------------------------
32.00                    1                        0.000000000000000
                         2                        0.000000000000000
---------------------------------------------------------------------------
33.00                    1                        0.000000000000000
                         2                        0.000000000000000
---------------------------------------------------------------------------
34.00                    1                        0.000000000000000
                         2                        0.000000000000000
---------------------------------------------------------------------------
35.00                    1                        0.000000000000000
                         2                        0.000000000000000
---------------------------------------------------------------------------
36.00                    1                        0.000000000000000
                         2                        0.000000000000000
---------------------------------------------------------------------------
37.00                    1                        0.000000000000000
                         2                        0.000000000000000
---------------------------------------------------------------------------
38.00                    1                        0.000000000000000
                         2                        0.000000000000000
---------------------------------------------------------------------------
39.00                    1                        0.000000000000000
                         2                        0.000000000000000
---------------------------------------------------------------------------
40.00                    1                        0.000000000000000
                         2                        0.000000000000000
---------------------------------------------------------------------------
