///Zone1  (Tecido normal + 10 ppm de Boro10)
//Total Cross Section g (g=1..30)
9.336110292803924E-02    9.879783723951586E-02    1.013524762912476E-01    1.060572674226889E-01    1.099519549721759E-01    1.206986462464790E-01    1.631129034978853E-01    2.094580330094419E-01    2.149419217616211E-01    2.481778236864342E-01    2.906514255267066E-01    3.937966985830521E-01    4.506570626887333E-01    6.532544985990435E-01    6.968346235876413E-01    9.062147393032020E-01    1.169425893934003E+00    1.327829671040681E+00    1.411490271907792E+00    1.505286751693987E+00    1.442896112966793E+00    1.446984748130635E+00    1.448805008119858E+00    1.449940419284454E+00    1.451380785502255E+00    1.454376185043374E+00    1.461498950077345E+00    1.479605526036213E+00    1.535736169756738E+00    2.014437283442237E+00
//Scattering Cross Section 0 g'g (g row; g' colunm)
2.550097466594200E-02    0.000000000000000E+00    0.000000000000000E+00    0.000000000000000E+00    0.000000000000000E+00    0.000000000000000E+00    0.000000000000000E+00    0.000000000000000E+00    0.000000000000000E+00    0.000000000000000E+00    0.000000000000000E+00    0.000000000000000E+00    0.000000000000000E+00    0.000000000000000E+00    0.000000000000000E+00    0.000000000000000E+00    0.000000000000000E+00    0.000000000000000E+00    0.000000000000000E+00    0.000000000000000E+00    0.000000000000000E+00    0.000000000000000E+00    0.000000000000000E+00    0.000000000000000E+00    0.000000000000000E+00    0.000000000000000E+00    0.000000000000000E+00    0.000000000000000E+00    0.000000000000000E+00    0.000000000000000E+00
    1.028757532182890E-02    2.377435057988370E-02    0.000000000000000E+00    0.000000000000000E+00    0.000000000000000E+00    0.000000000000000E+00    0.000000000000000E+00    0.000000000000000E+00    0.000000000000000E+00    0.000000000000000E+00    0.000000000000000E+00    0.000000000000000E+00    0.000000000000000E+00    0.000000000000000E+00    0.000000000000000E+00    0.000000000000000E+00    0.000000000000000E+00    0.000000000000000E+00    0.000000000000000E+00    0.000000000000000E+00    0.000000000000000E+00    0.000000000000000E+00    0.000000000000000E+00    0.000000000000000E+00    0.000000000000000E+00    0.000000000000000E+00    0.000000000000000E+00    0.000000000000000E+00    0.000000000000000E+00    0.000000000000000E+00
    5.178494204696220E-03    1.309572107740920E-02    2.224678741516680E-02    0.000000000000000E+00    0.000000000000000E+00    0.000000000000000E+00    0.000000000000000E+00    0.000000000000000E+00    0.000000000000000E+00    0.000000000000000E+00    0.000000000000000E+00    0.000000000000000E+00    0.000000000000000E+00    0.000000000000000E+00    0.000000000000000E+00    0.000000000000000E+00    0.000000000000000E+00    0.000000000000000E+00    0.000000000000000E+00    0.000000000000000E+00    0.000000000000000E+00    0.000000000000000E+00    0.000000000000000E+00    0.000000000000000E+00    0.000000000000000E+00    0.000000000000000E+00    0.000000000000000E+00    0.000000000000000E+00    0.000000000000000E+00    0.000000000000000E+00
    5.708587616547250E-03    8.495223987098590E-03    1.751115672915440E-02    2.378872044515680E-02    0.000000000000000E+00    0.000000000000000E+00    0.000000000000000E+00    0.000000000000000E+00    0.000000000000000E+00    0.000000000000000E+00    0.000000000000000E+00    0.000000000000000E+00    0.000000000000000E+00    0.000000000000000E+00    0.000000000000000E+00    0.000000000000000E+00    0.000000000000000E+00    0.000000000000000E+00    0.000000000000000E+00    0.000000000000000E+00    0.000000000000000E+00    0.000000000000000E+00    0.000000000000000E+00    0.000000000000000E+00    0.000000000000000E+00    0.000000000000000E+00    0.000000000000000E+00    0.000000000000000E+00    0.000000000000000E+00    0.000000000000000E+00
    8.527573465085500E-03    7.985424717665361E-03    9.907941279329809E-03    2.166786277347530E-02    2.377696841786550E-02    0.000000000000000E+00    0.000000000000000E+00    0.000000000000000E+00    0.000000000000000E+00    0.000000000000000E+00    0.000000000000000E+00    0.000000000000000E+00    0.000000000000000E+00    0.000000000000000E+00    0.000000000000000E+00    0.000000000000000E+00    0.000000000000000E+00    0.000000000000000E+00    0.000000000000000E+00    0.000000000000000E+00    0.000000000000000E+00    0.000000000000000E+00    0.000000000000000E+00    0.000000000000000E+00    0.000000000000000E+00    0.000000000000000E+00    0.000000000000000E+00    0.000000000000000E+00    0.000000000000000E+00    0.000000000000000E+00
    6.245232722975510E-03    8.867656122415451E-03    8.344746988554440E-03    9.207034652090310E-03    2.196983447563910E-02    2.751763311210290E-02    0.000000000000000E+00    0.000000000000000E+00    0.000000000000000E+00    0.000000000000000E+00    0.000000000000000E+00    0.000000000000000E+00    0.000000000000000E+00    0.000000000000000E+00    0.000000000000000E+00    0.000000000000000E+00    0.000000000000000E+00    0.000000000000000E+00    0.000000000000000E+00    0.000000000000000E+00    0.000000000000000E+00    0.000000000000000E+00    0.000000000000000E+00    0.000000000000000E+00    0.000000000000000E+00    0.000000000000000E+00    0.000000000000000E+00    0.000000000000000E+00    0.000000000000000E+00    0.000000000000000E+00
    1.035973427721720E-02    1.083368301380210E-02    1.549307952203210E-02    1.729626150455990E-02    1.922639798713250E-02    4.069738216753120E-02    6.474248965157510E-02    0.000000000000000E+00    0.000000000000000E+00    0.000000000000000E+00    0.000000000000000E+00    0.000000000000000E+00    0.000000000000000E+00    0.000000000000000E+00    0.000000000000000E+00    0.000000000000000E+00    0.000000000000000E+00    0.000000000000000E+00    0.000000000000000E+00    0.000000000000000E+00    0.000000000000000E+00    0.000000000000000E+00    0.000000000000000E+00    0.000000000000000E+00    0.000000000000000E+00    0.000000000000000E+00    0.000000000000000E+00    0.000000000000000E+00    0.000000000000000E+00    0.000000000000000E+00
    7.217134558061010E-03    8.038552678492889E-03    8.109044649447920E-03    1.156257681902310E-02    1.455980868867490E-02    1.755553370146970E-02    4.378090464201670E-02    8.083077858127059E-02    0.000000000000000E+00    0.000000000000000E+00    0.000000000000000E+00    0.000000000000000E+00    0.000000000000000E+00    0.000000000000000E+00    0.000000000000000E+00    0.000000000000000E+00    0.000000000000000E+00    0.000000000000000E+00    0.000000000000000E+00    0.000000000000000E+00    0.000000000000000E+00    0.000000000000000E+00    0.000000000000000E+00    0.000000000000000E+00    0.000000000000000E+00    0.000000000000000E+00    0.000000000000000E+00    0.000000000000000E+00    0.000000000000000E+00    0.000000000000000E+00
    1.653391491722740E-04    2.010207004104650E-04    2.027295175092890E-04    2.318421288372150E-04    3.935214776855210E-04    4.275186035796060E-04    7.568566935296200E-04    2.817052936760440E-03    3.882621842708080E-03    0.000000000000000E+00    0.000000000000000E+00    0.000000000000000E+00    0.000000000000000E+00    0.000000000000000E+00    0.000000000000000E+00    0.000000000000000E+00    0.000000000000000E+00    0.000000000000000E+00    0.000000000000000E+00    0.000000000000000E+00    0.000000000000000E+00    0.000000000000000E+00    0.000000000000000E+00    0.000000000000000E+00    0.000000000000000E+00    0.000000000000000E+00    0.000000000000000E+00    0.000000000000000E+00    0.000000000000000E+00    0.000000000000000E+00
    2.372800132913860E-03    2.973575263465810E-03    2.972746793985940E-03    3.321737338967050E-03    6.396246071845180E-03    6.478728910298300E-03    1.148039834266100E-02    3.339125216452520E-02    7.342185637105200E-02    5.402644859285090E-02    0.000000000000000E+00    0.000000000000000E+00    0.000000000000000E+00    0.000000000000000E+00    0.000000000000000E+00    0.000000000000000E+00    0.000000000000000E+00    0.000000000000000E+00    0.000000000000000E+00    0.000000000000000E+00    0.000000000000000E+00    0.000000000000000E+00    0.000000000000000E+00    0.000000000000000E+00    0.000000000000000E+00    0.000000000000000E+00    0.000000000000000E+00    0.000000000000000E+00    0.000000000000000E+00    0.000000000000000E+00
    1.771235235584500E-03    2.190585821189040E-03    2.300337511218970E-03    2.465858284891910E-03    5.011810944925930E-03    5.187583158093910E-03    8.983839479513429E-03    2.049006408200110E-02    3.328648683259550E-02    6.421064295625560E-02    6.546309408195830E-02    0.000000000000000E+00    0.000000000000000E+00    0.000000000000000E+00    0.000000000000000E+00    0.000000000000000E+00    0.000000000000000E+00    0.000000000000000E+00    0.000000000000000E+00    0.000000000000000E+00    0.000000000000000E+00    0.000000000000000E+00    0.000000000000000E+00    0.000000000000000E+00    0.000000000000000E+00    0.000000000000000E+00    0.000000000000000E+00    0.000000000000000E+00    0.000000000000000E+00    0.000000000000000E+00
    2.213592568269350E-03    2.615208405914200E-03    3.222122840628040E-03    3.432545368191420E-03    5.898003462020160E-03    8.096173775428209E-03    1.248993394589080E-02    2.805116884215030E-02    4.066648614589950E-02    5.120966568022660E-02    1.090218331134390E-01    1.525845388886780E-01    0.000000000000000E+00    0.000000000000000E+00    0.000000000000000E+00    0.000000000000000E+00    0.000000000000000E+00    0.000000000000000E+00    0.000000000000000E+00    0.000000000000000E+00    0.000000000000000E+00    0.000000000000000E+00    0.000000000000000E+00    0.000000000000000E+00    0.000000000000000E+00    0.000000000000000E+00    0.000000000000000E+00    0.000000000000000E+00    0.000000000000000E+00    0.000000000000000E+00
    1.234820465792910E-03    1.440454613789860E-03    1.814462869502010E-03    2.086152453834390E-03    2.976481621738110E-03    5.004911930154650E-03    7.706710364797900E-03    1.715677961204230E-02    2.517944605687850E-02    3.089516530311170E-02    4.545861345746630E-02    1.144670914140150E-01    1.620253774335610E-01    0.000000000000000E+00    0.000000000000000E+00    0.000000000000000E+00    0.000000000000000E+00    0.000000000000000E+00    0.000000000000000E+00    0.000000000000000E+00    0.000000000000000E+00    0.000000000000000E+00    0.000000000000000E+00    0.000000000000000E+00    0.000000000000000E+00    0.000000000000000E+00    0.000000000000000E+00    0.000000000000000E+00    0.000000000000000E+00    0.000000000000000E+00
    6.879540873905410E-04    7.995060672877120E-04    9.895409403470391E-04    1.229807881867180E-03    1.731070416216900E-03    2.860436764957260E-03    4.612595685431200E-03    1.050971993753240E-02    1.476671264302000E-02    1.889111471783590E-02    2.794929371889830E-02    4.998236134175570E-02    1.260076277375390E-01    2.589821240558570E-01    0.000000000000000E+00    0.000000000000000E+00    0.000000000000000E+00    0.000000000000000E+00    0.000000000000000E+00    0.000000000000000E+00    0.000000000000000E+00    0.000000000000000E+00    0.000000000000000E+00    0.000000000000000E+00    0.000000000000000E+00    0.000000000000000E+00    0.000000000000000E+00    0.000000000000000E+00    0.000000000000000E+00    0.000000000000000E+00
    3.914090627904590E-04    4.521824030011100E-04    5.602439764451530E-04    6.990086935370040E-04    9.896543518261309E-04    1.681957409870500E-03    2.817086843283330E-03    6.331428279668520E-03    9.628376861546370E-03    1.143657911348650E-02    1.687501613333500E-02    3.024041450417040E-02    6.384119029529610E-02    1.781951002082180E-01    2.156647171489090E-01    0.000000000000000E+00    0.000000000000000E+00    0.000000000000000E+00    0.000000000000000E+00    0.000000000000000E+00    0.000000000000000E+00    0.000000000000000E+00    0.000000000000000E+00    0.000000000000000E+00    0.000000000000000E+00    0.000000000000000E+00    0.000000000000000E+00    0.000000000000000E+00    0.000000000000000E+00    0.000000000000000E+00
    3.556076399280840E-04    4.006354471078420E-04    5.236360986137901E-04    6.617835490340700E-04    9.011856657360500E-04    1.550983491585330E-03    2.722568464090040E-03    6.168279689695830E-03    8.906161258868469E-03    1.109328239213200E-02    1.635970852974090E-02    2.935945154648190E-02    6.245149834391970E-02    1.363235760377140E-01    3.153601720223080E-01    4.022060516008580E-01    0.000000000000000E+00    0.000000000000000E+00    0.000000000000000E+00    0.000000000000000E+00    0.000000000000000E+00    0.000000000000000E+00    0.000000000000000E+00    0.000000000000000E+00    0.000000000000000E+00    0.000000000000000E+00    0.000000000000000E+00    0.000000000000000E+00    0.000000000000000E+00    0.000000000000000E+00
    1.143071690388460E-04    1.465138093825000E-04    1.821989939517260E-04    2.293487185695970E-04    3.409431726940910E-04    5.421309984151370E-04    1.001496556567220E-03    2.276958207168680E-03    3.248533066954830E-03    4.052667500108280E-03    5.982231525232760E-03    1.089860675547890E-02    2.297063701759070E-02    5.022524350771010E-02    1.048089491356500E-01    3.250418074072610E-01    5.034548412467510E-01    0.000000000000000E+00    0.000000000000000E+00    0.000000000000000E+00    0.000000000000000E+00    0.000000000000000E+00    0.000000000000000E+00    0.000000000000000E+00    0.000000000000000E+00    0.000000000000000E+00    0.000000000000000E+00    0.000000000000000E+00    0.000000000000000E+00    0.000000000000000E+00
    4.030286357837510E-05    4.296769302774760E-05    6.436325248958730E-05    7.790790267798290E-05    1.269681867509960E-04    1.910662658208130E-04    3.711444489455020E-04    7.984502436281470E-04    1.184538466757160E-03    1.463989485043000E-03    2.181497306271940E-03    3.952992094502600E-03    8.425287318910500E-03    1.864967123419820E-02    3.837528909177890E-02    1.131203718982660E-01    4.272171262731640E-01    5.621473660844600E-01    0.000000000000000E+00    0.000000000000000E+00    0.000000000000000E+00    0.000000000000000E+00    0.000000000000000E+00    0.000000000000000E+00    0.000000000000000E+00    0.000000000000000E+00    0.000000000000000E+00    0.000000000000000E+00    0.000000000000000E+00    0.000000000000000E+00
    1.319193025282620E-05    1.603358041028370E-05    2.219536976766640E-05    3.348692275136090E-05    4.133861414359200E-05    7.080587818821050E-05    1.334361834312100E-04    3.028050810844110E-04    4.321964676005860E-04    5.097396863642050E-04    8.403480557772800E-04    1.435792129094510E-03    3.063917356511100E-03    6.859071842839820E-03    1.425022229559440E-02    4.146285445514030E-02    1.508292641962980E-01    4.899918444967840E-01    5.970437700030770E-01    0.000000000000000E+00    0.000000000000000E+00    0.000000000000000E+00    0.000000000000000E+00    0.000000000000000E+00    0.000000000000000E+00    0.000000000000000E+00    0.000000000000000E+00    0.000000000000000E+00    0.000000000000000E+00    0.000000000000000E+00
    4.886304922006350E-06    6.092635292368360E-06    1.078060817286650E-05    1.116092229312800E-05    1.791339946222320E-05    2.437524562053570E-05    5.066414085690960E-05    1.169883116449380E-04    1.040472977556970E-04    1.925332561499480E-04    2.914748144223870E-04    5.270126996786920E-04    1.154308535136790E-03    2.556106512628670E-03    5.300261295824420E-03    1.530488139961880E-02    5.565846619771960E-02    1.740094152687880E-01    5.220187464783040E-01    6.705315296823270E-01    0.000000000000000E+00    0.000000000000000E+00    0.000000000000000E+00    0.000000000000000E+00    0.000000000000000E+00    0.000000000000000E+00    0.000000000000000E+00    0.000000000000000E+00    0.000000000000000E+00    0.000000000000000E+00
    9.761679478103041E-07    2.244655107714660E-06    3.804920531599950E-06    3.952826645482830E-06    7.874021741636580E-06    1.183903566199030E-05    1.929375279193000E-05    3.953121336887280E-05    8.003638288899730E-05    7.417264786104540E-05    1.028376693891100E-04    2.115194043138120E-04    4.354141110251040E-04    9.404016318295440E-04    1.935289937576780E-03    5.731081424454740E-03    2.043443127433520E-02    6.415862688387440E-02    1.848941903606520E-01    5.345127442244260E-01    6.040184331796200E-01    0.000000000000000E+00    0.000000000000000E+00    0.000000000000000E+00    0.000000000000000E+00    0.000000000000000E+00    0.000000000000000E+00    0.000000000000000E+00    0.000000000000000E+00    0.000000000000000E+00
    9.772609844012701E-07    9.619950461634260E-07    1.902460265799980E-06    1.395115286641000E-06    3.149608696654630E-06    5.107034991446800E-06    6.627625004861450E-06    1.685594884764120E-05    1.600727657779950E-05    3.314097032089260E-05    4.381249820127750E-05    7.341667879560100E-05    1.514483864435140E-04    3.118394135221120E-04    7.247630617764151E-04    2.119640404290730E-03    7.423713736289170E-03    2.360486522124840E-02    6.785242514372029E-02    1.898319224630970E-01    5.372043598324761E-01    6.055956637898570E-01    0.000000000000000E+00    0.000000000000000E+00    0.000000000000000E+00    0.000000000000000E+00    0.000000000000000E+00    0.000000000000000E+00    0.000000000000000E+00    0.000000000000000E+00
    0.000000000000000E+00    9.619950461634260E-07    3.170767109666630E-07    6.975576433205000E-07    5.905516306227430E-07    1.624965679096710E-06    1.472805556635880E-06    4.414653269620310E-06    0.000000000000000E+00    1.578141443852030E-05    1.582117990601690E-05    3.135090608028370E-05    5.388067594625030E-05    1.283634274900860E-04    2.519414452841820E-04    7.664852190322950E-04    2.779862965721020E-03    8.919489380435110E-03    2.527879758649330E-02    6.978611431431690E-02    1.907819765832630E-01    5.385411691800860E-01    6.059216430198940E-01    0.000000000000000E+00    0.000000000000000E+00    0.000000000000000E+00    0.000000000000000E+00    0.000000000000000E+00    0.000000000000000E+00    0.000000000000000E+00
    4.886304922006350E-07    9.619950461634260E-07    0.000000000000000E+00    0.000000000000000E+00    5.905516306227430E-07    2.321379541566730E-07    1.325525000972290E-06    1.404662403970100E-06    8.003638288899729E-06    4.208377183605410E-06    5.476562275159680E-06    7.936938248173070E-06    2.232892877051810E-05    3.488136616578430E-05    8.714413004692610E-05    2.694201599284130E-04    1.029119652787000E-03    3.211566338213720E-03    9.059042915415091E-03    2.553420724611700E-02    7.008688081120799E-02    1.916048947090950E-01    5.396382436021580E-01    6.068214175279359E-01    6.474473106656720E-06    0.000000000000000E+00    0.000000000000000E+00    0.000000000000000E+00    0.000000000000000E+00    0.000000000000000E+00
    0.000000000000000E+00    0.000000000000000E+00    0.000000000000000E+00    0.000000000000000E+00    0.000000000000000E+00    2.321379541566730E-07    4.418416669907630E-07    6.019981731300430E-07    0.000000000000000E+00    1.052094295901350E-06    1.825520758386560E-06    1.984234562043270E-06    9.708229900225280E-06    1.674305575957650E-05    4.486628477663520E-05    1.168496423959190E-04    3.496527013083530E-04    1.110146822325330E-03    3.293023440386100E-03    9.226589319231770E-03    2.580546769280560E-02    7.004671457069769E-02    1.917235532549570E-01    5.396210229172260E-01    6.087183147514820E-01    1.719826114507600E-05    0.000000000000000E+00    0.000000000000000E+00    0.000000000000000E+00    0.000000000000000E+00
    0.000000000000000E+00    0.000000000000000E+00    0.000000000000000E+00    0.000000000000000E+00    0.000000000000000E+00    0.000000000000000E+00    1.472805556635880E-07    4.013321154200280E-07    0.000000000000000E+00    5.260471479506760E-07    0.000000000000000E+00    1.587387649634620E-06    4.854114950112640E-06    5.581018586525490E-06    1.725626337562890E-05    4.298613787621880E-05    1.578810069737480E-04    4.204803893409220E-04    1.270934863756860E-03    3.665992301184590E-03    9.495619352062430E-03    2.583251601047440E-02    7.035461714145159E-02    1.915460750788120E-01    5.394468865730200E-01    6.137335246303670E-01    1.426396993626020E-04    0.000000000000000E+00    0.000000000000000E+00    0.000000000000000E+00
    0.000000000000000E+00    0.000000000000000E+00    0.000000000000000E+00    0.000000000000000E+00    0.000000000000000E+00    0.000000000000000E+00    0.000000000000000E+00    0.000000000000000E+00    0.000000000000000E+00    5.260471479506760E-07    6.085069194621870E-07    3.968469124086540E-07    1.456234485033790E-06    2.092881969947060E-06    8.628131687814460E-07    1.392508691764830E-05    5.124933210666170E-05    1.463821916163490E-04    4.756589413891030E-04    1.283040783794180E-03    3.406531583391830E-03    9.652843349665799E-03    2.576352385168690E-02    7.036449387697150E-02    1.917497784123830E-01    5.381023356354701E-01    6.228456022626940E-01    1.018537170337380E-03    0.000000000000000E+00    0.000000000000000E+00
    0.000000000000000E+00    0.000000000000000E+00    0.000000000000000E+00    0.000000000000000E+00    0.000000000000000E+00    0.000000000000000E+00    0.000000000000000E+00    0.000000000000000E+00    0.000000000000000E+00    0.000000000000000E+00    0.000000000000000E+00    0.000000000000000E+00    4.854114950112640E-07    6.976273233156860E-07    8.628131687814460E-07    4.238069931458190E-06    1.322563409204170E-05    4.519181754598690E-05    1.549658089593460E-04    4.544338282689500E-04    1.208957307315990E-03    3.547215930086040E-03    9.605902774529520E-03    2.597642147111730E-02    7.059894964960620E-02    1.925077439944140E-01    5.410097735309850E-01    6.551812207099690E-01    4.759278127386470E-03    6.505944946027650E-07
    0.000000000000000E+00    0.000000000000000E+00    0.000000000000000E+00    0.000000000000000E+00    0.000000000000000E+00    0.000000000000000E+00    0.000000000000000E+00    0.000000000000000E+00    0.000000000000000E+00    0.000000000000000E+00    0.000000000000000E+00    0.000000000000000E+00    0.000000000000000E+00    0.000000000000000E+00    1.725626337562890E-06    3.027192808184420E-06    4.133010653763040E-06    2.456077040542770E-05    5.703602690864810E-05    1.797387529720480E-04    4.884793748943100E-04    1.256405642354560E-03    3.555415552572660E-03    9.754107099430811E-03    2.610119088217590E-02    7.059680462637991E-02    1.928771072987910E-01    5.404873287869500E-01    6.405924587401800E-01    2.040210623148850E-02
    0.000000000000000E+00    0.000000000000000E+00    0.000000000000000E+00    0.000000000000000E+00    0.000000000000000E+00    0.000000000000000E+00    0.000000000000000E+00    0.000000000000000E+00    0.000000000000000E+00    0.000000000000000E+00    0.000000000000000E+00    0.000000000000000E+00    0.000000000000000E+00    0.000000000000000E+00    0.000000000000000E+00    1.210877123273770E-06    2.479806392257820E-06    9.824308162171070E-06    3.551299788651680E-05    1.153041056801820E-04    2.494858859842060E-04    6.624029747657290E-04    1.841131365118160E-03    5.194778965530310E-03    1.366890762277370E-02    3.762350221451970E-02    1.016642613736600E-01    2.780331086627420E-01    8.818388303596020E-01    1.971853298820740E+00
///Zone 2  (Tecido com o tumor + 30 ppm de Boro10)
//Sigma Total g (g=1..30)  
9.339629764231842E-02    9.877767914137386E-02    1.013475483829207E-01    1.060500308052396E-01    1.099467991561019E-01    1.207108725129929E-01    1.631933389175657E-01    2.092774964581804E-01    2.150802769282104E-01    2.481618927014489E-01    2.908096224958114E-01    3.938244737048405E-01    4.508267051092347E-01    6.522566798547733E-01    6.976700239294437E-01    9.057695911023875E-01    1.169364701176141E+00    1.328253908762976E+00    1.411591796235123E+00    1.504126564355986E+00    1.442931789670759E+00    1.447031637355399E+00    1.448880515903960E+00    1.450057227032979E+00    1.451569748374389E+00    1.454695831539428E+00    1.462030442581782E+00    1.480501522402503E+00    1.538186151954541E+00    2.019956642546840E+00
//Scattering Cross Section 0 g'g (g row; g' colunm)
2.613576287436270E-02    0.000000000000000E+00    0.000000000000000E+00    0.000000000000000E+00    0.000000000000000E+00    0.000000000000000E+00    0.000000000000000E+00    0.000000000000000E+00    0.000000000000000E+00    0.000000000000000E+00    0.000000000000000E+00    0.000000000000000E+00    0.000000000000000E+00    0.000000000000000E+00    0.000000000000000E+00    0.000000000000000E+00    0.000000000000000E+00    0.000000000000000E+00    0.000000000000000E+00    0.000000000000000E+00    0.000000000000000E+00    0.000000000000000E+00    0.000000000000000E+00    0.000000000000000E+00    0.000000000000000E+00    0.000000000000000E+00    0.000000000000000E+00    0.000000000000000E+00    0.000000000000000E+00    0.000000000000000E+00
    9.866407537775920E-03    2.351608822199740E-02    0.000000000000000E+00    0.000000000000000E+00    0.000000000000000E+00    0.000000000000000E+00    0.000000000000000E+00    0.000000000000000E+00    0.000000000000000E+00    0.000000000000000E+00    0.000000000000000E+00    0.000000000000000E+00    0.000000000000000E+00    0.000000000000000E+00    0.000000000000000E+00    0.000000000000000E+00    0.000000000000000E+00    0.000000000000000E+00    0.000000000000000E+00    0.000000000000000E+00    0.000000000000000E+00    0.000000000000000E+00    0.000000000000000E+00    0.000000000000000E+00    0.000000000000000E+00    0.000000000000000E+00    0.000000000000000E+00    0.000000000000000E+00    0.000000000000000E+00    0.000000000000000E+00
    5.221637158317060E-03    1.273017670685100E-02    2.232950920837790E-02    0.000000000000000E+00    0.000000000000000E+00    0.000000000000000E+00    0.000000000000000E+00    0.000000000000000E+00    0.000000000000000E+00    0.000000000000000E+00    0.000000000000000E+00    0.000000000000000E+00    0.000000000000000E+00    0.000000000000000E+00    0.000000000000000E+00    0.000000000000000E+00    0.000000000000000E+00    0.000000000000000E+00    0.000000000000000E+00    0.000000000000000E+00    0.000000000000000E+00    0.000000000000000E+00    0.000000000000000E+00    0.000000000000000E+00    0.000000000000000E+00    0.000000000000000E+00    0.000000000000000E+00    0.000000000000000E+00    0.000000000000000E+00    0.000000000000000E+00
    5.313661648235000E-03    8.941979839014950E-03    1.803708143496440E-02    2.369695726803120E-02    0.000000000000000E+00    0.000000000000000E+00    0.000000000000000E+00    0.000000000000000E+00    0.000000000000000E+00    0.000000000000000E+00    0.000000000000000E+00    0.000000000000000E+00    0.000000000000000E+00    0.000000000000000E+00    0.000000000000000E+00    0.000000000000000E+00    0.000000000000000E+00    0.000000000000000E+00    0.000000000000000E+00    0.000000000000000E+00    0.000000000000000E+00    0.000000000000000E+00    0.000000000000000E+00    0.000000000000000E+00    0.000000000000000E+00    0.000000000000000E+00    0.000000000000000E+00    0.000000000000000E+00    0.000000000000000E+00    0.000000000000000E+00
    8.433700870031830E-03    8.365561005805180E-03    9.632528430026819E-03    2.252814134002190E-02    2.384631484842090E-02    0.000000000000000E+00    0.000000000000000E+00    0.000000000000000E+00    0.000000000000000E+00    0.000000000000000E+00    0.000000000000000E+00    0.000000000000000E+00    0.000000000000000E+00    0.000000000000000E+00    0.000000000000000E+00    0.000000000000000E+00    0.000000000000000E+00    0.000000000000000E+00    0.000000000000000E+00    0.000000000000000E+00    0.000000000000000E+00    0.000000000000000E+00    0.000000000000000E+00    0.000000000000000E+00    0.000000000000000E+00    0.000000000000000E+00    0.000000000000000E+00    0.000000000000000E+00    0.000000000000000E+00    0.000000000000000E+00
    5.860656056372590E-03    8.720131461394311E-03    7.961148667098831E-03    9.385886813071559E-03    2.191515906429830E-02    2.716726273452580E-02    0.000000000000000E+00    0.000000000000000E+00    0.000000000000000E+00    0.000000000000000E+00    0.000000000000000E+00    0.000000000000000E+00    0.000000000000000E+00    0.000000000000000E+00    0.000000000000000E+00    0.000000000000000E+00    0.000000000000000E+00    0.000000000000000E+00    0.000000000000000E+00    0.000000000000000E+00    0.000000000000000E+00    0.000000000000000E+00    0.000000000000000E+00    0.000000000000000E+00    0.000000000000000E+00    0.000000000000000E+00    0.000000000000000E+00    0.000000000000000E+00    0.000000000000000E+00    0.000000000000000E+00
    1.008185051809970E-02    1.108879159623040E-02    1.542440212140820E-02    1.680876669877310E-02    1.845697616747930E-02    4.072372672081960E-02    6.481408418042039E-02    0.000000000000000E+00    0.000000000000000E+00    0.000000000000000E+00    0.000000000000000E+00    0.000000000000000E+00    0.000000000000000E+00    0.000000000000000E+00    0.000000000000000E+00    0.000000000000000E+00    0.000000000000000E+00    0.000000000000000E+00    0.000000000000000E+00    0.000000000000000E+00    0.000000000000000E+00    0.000000000000000E+00    0.000000000000000E+00    0.000000000000000E+00    0.000000000000000E+00    0.000000000000000E+00    0.000000000000000E+00    0.000000000000000E+00    0.000000000000000E+00    0.000000000000000E+00
    7.787210920860900E-03    7.097386691075490E-03    7.339242657855700E-03    1.133264253606300E-02    1.486661123407950E-02    1.783527013357210E-02    4.401483843528860E-02    7.976162016352810E-02    0.000000000000000E+00    0.000000000000000E+00    0.000000000000000E+00    0.000000000000000E+00    0.000000000000000E+00    0.000000000000000E+00    0.000000000000000E+00    0.000000000000000E+00    0.000000000000000E+00    0.000000000000000E+00    0.000000000000000E+00    0.000000000000000E+00    0.000000000000000E+00    0.000000000000000E+00    0.000000000000000E+00    0.000000000000000E+00    0.000000000000000E+00    0.000000000000000E+00    0.000000000000000E+00    0.000000000000000E+00    0.000000000000000E+00    0.000000000000000E+00
    2.832240808329670E-04    3.463378841426570E-04    1.605985898945690E-04    2.048862053401750E-04    3.343334661061580E-04    4.178013615006760E-04    6.350921655516020E-04    2.569199754245870E-03    1.770321030230560E-03    0.000000000000000E+00    0.000000000000000E+00    0.000000000000000E+00    0.000000000000000E+00    0.000000000000000E+00    0.000000000000000E+00    0.000000000000000E+00    0.000000000000000E+00    0.000000000000000E+00    0.000000000000000E+00    0.000000000000000E+00    0.000000000000000E+00    0.000000000000000E+00    0.000000000000000E+00    0.000000000000000E+00    0.000000000000000E+00    0.000000000000000E+00    0.000000000000000E+00    0.000000000000000E+00    0.000000000000000E+00    0.000000000000000E+00
    2.433136734584890E-03    2.694744173233560E-03    3.009570501534740E-03    3.586552867867390E-03    6.653847736619430E-03    6.884878679758440E-03    1.173584465423120E-02    3.498147712348910E-02    7.373667345756631E-02    5.358679454521430E-02    0.000000000000000E+00    0.000000000000000E+00    0.000000000000000E+00    0.000000000000000E+00    0.000000000000000E+00    0.000000000000000E+00    0.000000000000000E+00    0.000000000000000E+00    0.000000000000000E+00    0.000000000000000E+00    0.000000000000000E+00    0.000000000000000E+00    0.000000000000000E+00    0.000000000000000E+00    0.000000000000000E+00    0.000000000000000E+00    0.000000000000000E+00    0.000000000000000E+00    0.000000000000000E+00    0.000000000000000E+00
    1.813975268491670E-03    2.495785193082990E-03    2.576912144579190E-03    2.484894244306870E-03    5.253665092343450E-03    5.097730503430380E-03    8.576549959618981E-03    2.024371718119600E-02    3.643750072743500E-02    6.398953734894521E-02    6.481870520053540E-02    0.000000000000000E+00    0.000000000000000E+00    0.000000000000000E+00    0.000000000000000E+00    0.000000000000000E+00    0.000000000000000E+00    0.000000000000000E+00    0.000000000000000E+00    0.000000000000000E+00    0.000000000000000E+00    0.000000000000000E+00    0.000000000000000E+00    0.000000000000000E+00    0.000000000000000E+00    0.000000000000000E+00    0.000000000000000E+00    0.000000000000000E+00    0.000000000000000E+00    0.000000000000000E+00
    2.158057601290280E-03    2.914093163217790E-03    3.520743871725190E-03    3.103233287810200E-03    5.933462236270890E-03    8.033960915687900E-03    1.228769246064810E-02    2.829938937507300E-02    4.123804422165210E-02    5.229198353998890E-02    1.079604328960250E-01    1.531549636078570E-01    0.000000000000000E+00    0.000000000000000E+00    0.000000000000000E+00    0.000000000000000E+00    0.000000000000000E+00    0.000000000000000E+00    0.000000000000000E+00    0.000000000000000E+00    0.000000000000000E+00    0.000000000000000E+00    0.000000000000000E+00    0.000000000000000E+00    0.000000000000000E+00    0.000000000000000E+00    0.000000000000000E+00    0.000000000000000E+00    0.000000000000000E+00    0.000000000000000E+00
    1.222257829837630E-03    1.243432331316170E-03    2.232015425501480E-03    2.014345491339870E-03    2.921254156012120E-03    4.811154519941590E-03    7.386991384228540E-03    1.691321163921420E-02    2.749202948110140E-02    3.102363460326960E-02    4.619098225122990E-02    1.148794895939430E-01    1.616278906947480E-01    0.000000000000000E+00    0.000000000000000E+00    0.000000000000000E+00    0.000000000000000E+00    0.000000000000000E+00    0.000000000000000E+00    0.000000000000000E+00    0.000000000000000E+00    0.000000000000000E+00    0.000000000000000E+00    0.000000000000000E+00    0.000000000000000E+00    0.000000000000000E+00    0.000000000000000E+00    0.000000000000000E+00    0.000000000000000E+00    0.000000000000000E+00
    7.686579466190170E-04    9.764150644677980E-04    9.932996204920770E-04    1.185276119974380E-03    1.635261553037890E-03    2.718695821671710E-03    4.821799095209640E-03    1.043913488734830E-02    1.276415654479710E-02    1.761643572949480E-02    2.820739123144370E-02    5.083094270487790E-02    1.271119420975240E-01    2.534692869010980E-01    0.000000000000000E+00    0.000000000000000E+00    0.000000000000000E+00    0.000000000000000E+00    0.000000000000000E+00    0.000000000000000E+00    0.000000000000000E+00    0.000000000000000E+00    0.000000000000000E+00    0.000000000000000E+00    0.000000000000000E+00    0.000000000000000E+00    0.000000000000000E+00    0.000000000000000E+00    0.000000000000000E+00    0.000000000000000E+00
    4.470400437628850E-04    4.905092014103340E-04    6.437497695126010E-04    7.386843171520870E-04    9.797285818529870E-04    1.639101692236510E-03    2.861454927899430E-03    6.144479988001670E-03    7.854865566028969E-03    1.166114506695760E-02    1.676024594582510E-02    3.017959102736880E-02    6.311892356960640E-02    1.760718487606490E-01    2.142607113358930E-01    0.000000000000000E+00    0.000000000000000E+00    0.000000000000000E+00    0.000000000000000E+00    0.000000000000000E+00    0.000000000000000E+00    0.000000000000000E+00    0.000000000000000E+00    0.000000000000000E+00    0.000000000000000E+00    0.000000000000000E+00    0.000000000000000E+00    0.000000000000000E+00    0.000000000000000E+00    0.000000000000000E+00
    3.691617152355930E-04    4.726966006793250E-04    3.850006435165550E-04    6.399113286136630E-04    1.005267420899300E-03    1.651648704983930E-03    2.768897391458120E-03    6.218933342862920E-03    8.227547891287689E-03    1.184822226054520E-02    1.702740826617790E-02    2.882255461247110E-02    6.181900284538150E-02    1.399990551699790E-01    3.186108064642300E-01    4.035440508734160E-01    0.000000000000000E+00    0.000000000000000E+00    0.000000000000000E+00    0.000000000000000E+00    0.000000000000000E+00    0.000000000000000E+00    0.000000000000000E+00    0.000000000000000E+00    0.000000000000000E+00    0.000000000000000E+00    0.000000000000000E+00    0.000000000000000E+00    0.000000000000000E+00    0.000000000000000E+00
    1.073118335231740E-04    1.622876089997260E-04    1.418423423482040E-04    1.319030450394900E-04    3.351682030493630E-04    5.490826888180840E-04    1.325409736803340E-03    2.093714251577500E-03    3.436503685137680E-03    3.897441533074080E-03    6.362292937470360E-03    1.009065132284630E-02    2.377295538636750E-02    5.218473778829550E-02    1.048263977430940E-01    3.246525409951500E-01    5.007680212748460E-01    0.000000000000000E+00    0.000000000000000E+00    0.000000000000000E+00    0.000000000000000E+00    0.000000000000000E+00    0.000000000000000E+00    0.000000000000000E+00    0.000000000000000E+00    0.000000000000000E+00    0.000000000000000E+00    0.000000000000000E+00    0.000000000000000E+00    0.000000000000000E+00
    3.066052386376400E-05    4.081114323536000E-05    4.052638352805840E-05    8.793536335965969E-05    1.365500086497410E-04    2.604226750438800E-04    3.405566684841920E-04    9.795154393345000E-04    4.909290978768110E-04    1.371899419642080E-03    2.059470546233180E-03    3.463610293883180E-03    8.803769693316020E-03    1.819467869247080E-02    3.895215057274610E-02    1.114776568063610E-01    4.307009747123770E-01    5.580623850862750E-01    0.000000000000000E+00    0.000000000000000E+00    0.000000000000000E+00    0.000000000000000E+00    0.000000000000000E+00    0.000000000000000E+00    0.000000000000000E+00    0.000000000000000E+00    0.000000000000000E+00    0.000000000000000E+00    0.000000000000000E+00    0.000000000000000E+00
    4.599078579564600E-05    4.081114323536000E-05    2.026319176402920E-05    5.862357557310650E-05    4.965454859990570E-05    1.010310048209710E-04    1.012465771169220E-04    2.938546318003500E-04    9.818581957536220E-04    6.235906452918520E-04    6.619726755749511E-04    1.500897794016050E-03    2.999391567438900E-03    8.477520621546849E-03    1.372784385066890E-02    4.225928554391560E-02    1.478187973472970E-01    4.979183850791100E-01    6.024125494494190E-01    0.000000000000000E+00    0.000000000000000E+00    0.000000000000000E+00    0.000000000000000E+00    0.000000000000000E+00    0.000000000000000E+00    0.000000000000000E+00    0.000000000000000E+00    0.000000000000000E+00    0.000000000000000E+00    0.000000000000000E+00
    3.066052386376400E-05    2.040557161768000E-05    0.000000000000000E+00    0.000000000000000E+00    2.482727429995290E-05    2.886600137742040E-05    2.761270285006960E-05    1.224394299168130E-04    0.000000000000000E+00    6.235906452918519E-05    4.413151170499670E-04    5.772683823138630E-04    8.609364684315350E-04    2.319321679479800E-03    5.093369626573280E-03    1.536701292506020E-02    5.647160951289660E-02    1.726758881711490E-01    5.102533992496380E-01    6.698303136714260E-01    0.000000000000000E+00    0.000000000000000E+00    0.000000000000000E+00    0.000000000000000E+00    0.000000000000000E+00    0.000000000000000E+00    0.000000000000000E+00    0.000000000000000E+00    0.000000000000000E+00    0.000000000000000E+00
    0.000000000000000E+00    0.000000000000000E+00    2.026319176402920E-05    0.000000000000000E+00    0.000000000000000E+00    0.000000000000000E+00    4.602117141678270E-05    4.897577196672500E-05    0.000000000000000E+00    6.235906452918519E-05    1.838812987708200E-04    2.539980882181000E-04    3.332657297154330E-04    4.798596578234070E-04    1.406740182577380E-03    5.411861073608160E-03    2.052293647380800E-02    6.287654623623350E-02    1.921448482270590E-01    5.335740470611620E-01    5.951642844365100E-01    0.000000000000000E+00    0.000000000000000E+00    0.000000000000000E+00    0.000000000000000E+00    0.000000000000000E+00    0.000000000000000E+00    0.000000000000000E+00    0.000000000000000E+00    0.000000000000000E+00
    0.000000000000000E+00    0.000000000000000E+00    0.000000000000000E+00    0.000000000000000E+00    0.000000000000000E+00    0.000000000000000E+00    0.000000000000000E+00    0.000000000000000E+00    4.909290978768110E-04    3.117953226459260E-05    3.677625975416390E-05    2.309073529255450E-05    2.221771531436220E-04    6.398128770978760E-04    4.365745394205660E-04    1.770547141365630E-03    7.914073542187400E-03    2.283576057335850E-02    6.762106954252529E-02    1.866557293249860E-01    5.474163290825000E-01    6.067025980976920E-01    0.000000000000000E+00    0.000000000000000E+00    0.000000000000000E+00    0.000000000000000E+00    0.000000000000000E+00    0.000000000000000E+00    0.000000000000000E+00    0.000000000000000E+00
    0.000000000000000E+00    0.000000000000000E+00    0.000000000000000E+00    0.000000000000000E+00    0.000000000000000E+00    0.000000000000000E+00    0.000000000000000E+00    1.224394299168130E-05    0.000000000000000E+00    0.000000000000000E+00    0.000000000000000E+00    2.309073529255450E-05    5.554428828590550E-05    1.199649144558520E-04    2.910496929470440E-04    8.351637459271850E-04    3.442845552251020E-03    8.133284587771520E-03    2.452315965982040E-02    7.210504401512620E-02    1.913319364209730E-01    5.452062003735521E-01    6.048823976792540E-01    0.000000000000000E+00    0.000000000000000E+00    0.000000000000000E+00    0.000000000000000E+00    0.000000000000000E+00    0.000000000000000E+00    0.000000000000000E+00
    0.000000000000000E+00    0.000000000000000E+00    0.000000000000000E+00    0.000000000000000E+00    0.000000000000000E+00    0.000000000000000E+00    0.000000000000000E+00    0.000000000000000E+00    0.000000000000000E+00    0.000000000000000E+00    3.677625975416390E-05    0.000000000000000E+00    2.777214414295270E-05    7.997660963723441E-05    4.850828215784070E-05    3.674720482079610E-04    1.162519277383460E-03    3.441005017903330E-03    9.203199506202610E-03    2.545570784663560E-02    6.876084164710330E-02    1.900663666870730E-01    5.359650027419690E-01    6.027082715984020E-01    0.000000000000000E+00    0.000000000000000E+00    0.000000000000000E+00    0.000000000000000E+00    0.000000000000000E+00    0.000000000000000E+00
    0.000000000000000E+00    0.000000000000000E+00    0.000000000000000E+00    0.000000000000000E+00    0.000000000000000E+00    0.000000000000000E+00    0.000000000000000E+00    0.000000000000000E+00    0.000000000000000E+00    0.000000000000000E+00    0.000000000000000E+00    0.000000000000000E+00    0.000000000000000E+00    7.997660963723441E-05    0.000000000000000E+00    3.340654983708740E-05    3.576982391949110E-04    1.303410991630050E-03    3.535375420065640E-03    9.983775325171321E-03    2.515495846278840E-02    6.593039373738740E-02    1.931159587319910E-01    5.376010553239000E-01    6.130810563562150E-01    0.000000000000000E+00    0.000000000000000E+00    0.000000000000000E+00    0.000000000000000E+00    0.000000000000000E+00
    0.000000000000000E+00    0.000000000000000E+00    0.000000000000000E+00    0.000000000000000E+00    0.000000000000000E+00    0.000000000000000E+00    0.000000000000000E+00    0.000000000000000E+00    0.000000000000000E+00    0.000000000000000E+00    0.000000000000000E+00    0.000000000000000E+00    0.000000000000000E+00    7.997660963723441E-05    0.000000000000000E+00    3.340654983708740E-05    1.788491195974550E-04    6.777737156476260E-04    1.234575543514980E-03    4.437233477853920E-03    9.255126226874990E-03    2.437208923807140E-02    7.177223033188970E-02    1.943020908438150E-01    5.386753412655459E-01    6.094332104312750E-01    6.573564451341030E-05    0.000000000000000E+00    0.000000000000000E+00    0.000000000000000E+00
    0.000000000000000E+00    0.000000000000000E+00    0.000000000000000E+00    0.000000000000000E+00    0.000000000000000E+00    0.000000000000000E+00    0.000000000000000E+00    0.000000000000000E+00    0.000000000000000E+00    0.000000000000000E+00    0.000000000000000E+00    0.000000000000000E+00    0.000000000000000E+00    0.000000000000000E+00    0.000000000000000E+00    0.000000000000000E+00    0.000000000000000E+00    2.085457586608080E-04    2.805853507988600E-04    1.109308369463480E-03    2.966386611177880E-03    9.042224754173930E-03    2.706664618448380E-02    7.439773740031209E-02    1.905419168877870E-01    5.428872908308620E-01    6.246924518464430E-01    1.116552541768830E-03    0.000000000000000E+00    0.000000000000000E+00
    0.000000000000000E+00    0.000000000000000E+00    0.000000000000000E+00    0.000000000000000E+00    0.000000000000000E+00    0.000000000000000E+00    0.000000000000000E+00    0.000000000000000E+00    0.000000000000000E+00    0.000000000000000E+00    0.000000000000000E+00    0.000000000000000E+00    0.000000000000000E+00    0.000000000000000E+00    0.000000000000000E+00    0.000000000000000E+00    0.000000000000000E+00    5.213643966520200E-05    1.683512104793160E-04    4.086925571707550E-04    1.839159698930290E-03    3.233643289572130E-03    9.731827841612171E-03    2.659719112061160E-02    6.873544321798820E-02    1.933793396446710E-01    5.381805010769510E-01    6.550609767757700E-01    4.269159411113150E-03    0.000000000000000E+00
    0.000000000000000E+00    0.000000000000000E+00    0.000000000000000E+00    0.000000000000000E+00    0.000000000000000E+00    0.000000000000000E+00    0.000000000000000E+00    0.000000000000000E+00    0.000000000000000E+00    0.000000000000000E+00    0.000000000000000E+00    0.000000000000000E+00    0.000000000000000E+00    0.000000000000000E+00    0.000000000000000E+00    0.000000000000000E+00    0.000000000000000E+00    0.000000000000000E+00    5.611707015977200E-05    2.919232551219680E-04    4.746218577884610E-04    1.616821644786070E-03    3.649435440604560E-03    8.865730373537200E-03    2.468711451949620E-02    6.822568717746100E-02    1.918264327266600E-01    5.398604410744020E-01    6.347038204834470E-01    2.017929696489790E-02
    0.000000000000000E+00    0.000000000000000E+00    0.000000000000000E+00    0.000000000000000E+00    0.000000000000000E+00    0.000000000000000E+00    0.000000000000000E+00    0.000000000000000E+00    0.000000000000000E+00    0.000000000000000E+00    0.000000000000000E+00    0.000000000000000E+00    0.000000000000000E+00    0.000000000000000E+00    0.000000000000000E+00    0.000000000000000E+00    0.000000000000000E+00    0.000000000000000E+00    5.611707015977200E-05    5.838465102439360E-05    3.559663933413450E-04    5.389405482620220E-04    2.189661264362740E-03    4.773854816520030E-03    1.453657504701300E-02    3.866331490461450E-02    1.037615209556630E-01    2.787032920260560E-01    8.891115315492000E-01    1.973765430780890E+00
